187 1
237 1
369 111
381 9
1333 947
1349 10
1370 13
1380 4
1424 26
1447 22
1475 6
2391 909
2821 423
2828 2
3418 586
3424 1
3545 114
3712 164
3853 138
3874 13
3934 54
3941 1
4091 146
4102 9
4172 69
4184 1
4242 54
4251 2
4329 77
4577 232
4777 199
4852 74
5336 469
5397 52
5489 86
5505 12
5632 123
5807 174
5904 86
5924 3
5944 19
6042 95
6197 138
6200 2
6209 1
6229 9
6233 3
6258 22
6436 175
6466 24
6524 55
7221 691
7243 20
7721 477
7729 5
7733 2
8009 269
8014 1
8025 1
8031 3
8643 604
8812 168
8850 29
9064 213
10252 1187
10302 43
10311 6
10409 91
10517 102
10549 24
10834 277
11416 578
11739 314
11745 5
11825 76
11878 50
12222 342
12241 17
12278 32
12280 1
12302 18
12305 1
12325 6
12394 56
12480 85
12503 18
12517 1
12669 151
12852 178
13167 311
13196 26
13369 160
13373 1
13388 13
13511 120
13518 5
14680 1151
14689 3
15002 312
15227 215
15232 1
15253 18
15267 8
15296 14
15480 182
15502 21
15536 31
15545 6
15557 5
15729 171
15776 45
15886 107
15898 1
16483 583
16486 1
16493 4
16505 4
16521 12
16782 260
16784 1
16798 9
16941 127
16947 2
17190 239
17502 306
17531 25
17562 25
17566 1
17570 1
17584 12
17614 26
17622 7
17847 222
18002 146
18018 2
18033 10
18106 62
18127 19
18382 247
18771 387
18773 1
18937 163
18985 46
19003 5
19954 950
19991 30
20033 34
20129 91
20234 103
20257 6
20271 10
20312 34
20377 60
20478 93
20499 15
20708 204
20775 62
20778 1
20785 4
20809 22
20813 3
21322 501
21521 198
21633 107
21636 1
21656 1
21674 14
21780 105
21849 61
21880 29
21888 7
21920 27
21941 20
21948 1
22779 829
23190 404
23224 7
23232 1
23237 1
23264 24
23544 279
23676 130
23689 12
23694 4
24106 406
24326 211
24379 51
24383 1
24403 13
24786 382
24793 5
24812 17
24816 1
24846 22
24849 1
24879 15
24918 34
24931 10
25227 295
25604 371
26301 693
26303 1
26310 1
26387 76
26587 191
26619 25
26628 7
26632 2
26644 10
27331 679
27435 103
27444 2
27489 41
27547 55
27811 263
28273 457
28285 10
28290 4
28297 5
28301 2
28544 236
28570 21
28575 2
28581 2
28634 51
28637 1
28662 21
28735 67
28952 210
29086 132
29139 52
29206 62
29563 352
29713 146
29718 2
29726 7
29730 1
29734 2
29790 51
29884 92
29979 88
30001 19
30049 42
30121 58
30148 23
30161 1
30354 192
30363 1
30423 56
30449 16
30454 1
30520 65
30597 74
30674 75
30793 118
30807 13
30817 9
30864 40
30963 96
30975 10
30978 1
31038 56
31139 97
31156 14
31165 3
31416 244
31428 6
31635 201
31691 53
31694 2
31716 14
31721 2
31730 7
31783 49
31910 126
31912 1
32087 174
32091 1
32419 320
32444 20
32446 1
32633 185
32836 195
32848 10
32980 119
32989 5
33066 76
33096 27
33398 301
33604 201
33813 207
33891 73
34411 518
34415 3
34434 6
34615 171
34657 26
34665 3
34687 17
34699 8
34711 10
34714 1
34717 1
34721 1
34964 239
34987 21
35329 337
35341 8
35493 146
35743 244
35973 226
36204 227
36348 142
36777 425
36785 5
36798 6
36835 31
36980 144
37025 43
37038 1
37054 8
37062 4
37067 1
37077 9
37103 25
37113 9
37142 9
37268 114
37270 1
37279 5
37498 216
37646 144
37648 1
37782 132
37955 171
37984 17
38079 88
38188 106
38399 204
38673 268
38742 68
39020 267
39078 48
39084 4
39091 6
39271 178
39283 1
39496 210
39540 42
39565 17
39605 37
39611 4
39996 383
40004 6
40235 230
40540 301
40589 48
40594 2
40652 55
40674 7
41408 731
41427 2
41605 172
41611 2
41706 91
41916 208
42016 88
42155 131
42212 49
42339 123
42361 9
42371 5
42450 67
42475 17
42492 9
42496 1
42510 8
42515 1
42519 1
42787 258
42892 94
42926 25
42980 39
42997 9
43016 12
43042 24
43045 2
43124 70
43131 2
43327 195
43360 30
43625 260
43627 1
43778 146
44095 314
44168 72
44175 6
44177 1
44199 5
44320 119
44326 1
44377 49
44431 51
44438 2
44494 55
44634 135
44722 82
44725 1
44766 36
44794 25
44806 10
44880 73
45261 373
45478 207
45490 9
45571 71
45875 302
45887 8
45896 6
45898 1
45904 5
45908 3
45914 1
45985 70
45990 3
46033 42
46039 2
46137 87
46451 311
46499 46
46501 1
46574 71
46606 31
46689 80
46702 7
46721 17
46772 49
47025 251
47043 15
47048 1
47394 334
47397 1
47405 1
47414 5
47858 440
47883 24
49273 1380
49300 25
49312 2
49376 48
49758 379
49778 15
49784 5
49803 5
49893 88
49976 76
49982 4
49993 7
50016 22
50026 1
50360 318
50474 109
50514 38
50531 12
50550 10
50557 4
50562 3
50571 1
50617 44
50624 4
50657 22
50664 1
50683 18
50715 26
50719 3
51051 318
51082 21
51094 6
51104 5
51156 45
51174 16
51179 2
51206 23
51309 87
51322 6
51330 1
51345 14
51359 1
51395 30
51403 6
51518 113
51592 73
51596 3
51609 1
51656 42
51700 41
51702 1
52765 1058
52787 19
52801 11
52886 83
52939 51
52978 37
52983 1
53067 82
53251 183
53346 84
53445 95
53481 34
53484 1
53499 12
53507 2
53733 222
53786 50
53822 9
54058 230
54094 34
54214 119
54582 365
54597 2
54614 16
54619 2
54697 77
54737 32
54794 56
54985 190
55140 153
55149 3
55237 87
55245 1
55407 159
55413 2
55545 118
55558 2
55635 71
55666 14
55677 9
55863 184
56262 397
56592 324
56603 3
56606 1
56873 235
56913 26
56969 55
57116 145
57142 11
57150 5
57157 1
57239 76
57276 35
57290 12
57292 1
57320 27
57356 32
57414 40
57438 19
57462 10
57474 2
57491 11
58395 903
58408 4
58460 50
58469 1
58625 155
58631 1
58635 1
58645 8
58650 4
58828 176
58855 19
59303 446
59308 1
59329 13
59335 1
59520 184
59568 42
59626 56
59635 6
59645 8
59651 2
59660 3
59662 1
59936 272
59956 11
60599 635
60615 13
60620 4
60886 263
61124 237
61180 42
61192 6
61198 5
61605 406
61608 1
61661 46
61708 44
61712 2
61718 5
61811 84
62087 274
62240 151
62247 1
62303 55
62671 364
62677 5
62721 42
62728 6
62736 5
63037 300
63281 229
63303 18
63357 49
63527 151
63655 126
63667 5
63687 11
64028 335
64055 21
64338 282
64409 68
64435 22
64815 377
64855 27
64893 34
65041 147
65043 1
65059 13
65094 29
65449 347
65466 16
65496 26
65500 1
65508 5
65586 73
65608 7
65615 4
65651 16
65856 201
65932 75
65942 2
65957 5
65961 3
65987 22
66011 22
66028 15
66040 1
66285 234
67156 862
67232 65
67334 99
67384 47
67386 1
67388 1
67467 73
67518 37
67547 10
67576 23
67628 48
67654 24
67978 318
68044 59
68049 1
68072 20
68106 21
68117 2
68387 269
68425 34
68927 499
68945 14
68948 2
68962 4
68974 9
68982 7
69147 164
69150 2
69185 28
69206 13
69270 46
69281 10
69662 380
69673 1
69677 1
69680 2
70011 326
70017 5
70041 19
70045 1
70052 1
70104 51
70113 1
70184 70
70498 309
70515 7
70678 158
70943 260
70950 3
70959 4
70972 10
71058 80
71411 352
71415 1
71423 1
71438 14
71443 2
71470 13
71480 2
71483 2
71532 41
71545 12
71561 4
71754 185
71838 63
71841 1
71896 52
71924 20
71990 61
72939 945
73316 360
73354 26
74771 1412
74781 8
74849 67
74852 2
74856 1
74991 133
75030 38
76182 1148
76208 15
76214 1
76220 1
76486 259
76518 22
76533 8
76565 27
76575 6
76794 218
76850 55
76892 40
76930 36
76964 33
77172 205
77175 1
77438 239
77908 459
77910 1
77920 2
77991 55
78003 7
78005 1
78151 132
78293 132
78306 11
78330 23
78463 125
78502 38
78505 1
78511 4
78599 85
78604 1
78608 2
78875 265
78891 9
78901 7
78911 6
78923 3
79432 501
79787 340
79819 31
80124 295
80138 1
80154 1
80316 161
80325 4
80370 35
80743 363
80797 50
80907 103
81312 394
81560 246
81582 12
81624 30
81636 7
81718 72
81723 4
81749 23
81778 26
82026 240
82031 4
82095 56
82446 350
83086 638
83583 491
83586 1
83619 32
83630 8
83659 28
83867 206
84072 199
84173 100
84683 497
85002 311
85011 5
85052 39
85063 10
85068 1
85089 19
85100 1
85200 96
85205 1
85217 1
86044 823
86061 16
86067 1
86105 34
86289 175
86514 222
86524 8
86553 28
86572 13
86579 6
86924 339
87074 138
87077 1
87079 1
87100 13
87259 158
87261 1
87345 82
87496 138
87757 255
87887 123
88123 234
88134 7
88196 61
88498 293
88505 6
88637 126
88716 78
88927 200
89123 189
89126 2
89129 1
89398 267
89403 4
89417 3
89427 6
89460 32
90648 1186
90679 27
90728 35
90862 130
91169 300
91173 2
91284 109
91288 2
91757 468
91773 3
91819 14
91831 3
92276 428
92308 31
92313 1
92318 3
92328 1
92663 332
92736 69
92797 59
92896 96
92898 1
93022 123
93102 78
93104 1
93106 1
93126 16
93137 10
93202 64
93227 12
93374 142
93383 6
93775 383
93782 6
94104 313
94111 1
94132 8
94143 2
94272 128
94618 343
94649 29
94655 4
94660 3
94679 9
94774 82
94782 1
94882 87
94893 1
94923 22
95264 340
95272 4
95393 109
95411 10
95439 21
95449 1
95458 4
95493 31
95498 1
95829 327
95835 2
96136 293
96145 7
96188 41
96272 83
96278 2
96387 106
96601 201
96619 15
96630 8
96667 35
96829 161
96863 33
96867 1
96991 123
97006 1
97200 192
97388 187
97460 70
97488 22
97563 68
97585 19
97915 329
97932 4
97951 1
97972 15
97993 9
97997 2
98047 48
98069 19
98086 13
98178 90
98308 128
98365 42
98766 400
98845 75
98933 76
98958 24
99139 175
99365 220
99370 1
99382 5
99388 2
99689 295
99693 1
99870 173
99877 5
99884 3
99981 93
100006 23
100041 21
100044 1
100364 313
100381 11
100465 83
100485 15
100558 69
100781 221
100786 1
100908 116
100912 1
100919 5
100993 72
101020 26
101023 2
101060 33
101150 82
101153 1
101627 472
101633 4
101646 7
101650 2
101708 51
102042 330
102075 32
102318 242
102395 75
102808 409
102821 1
102853 29
102869 8
102886 15
102920 30
103053 132
103062 6
103071 7
103134 43
103173 21
103182 7
103193 8
103209 8
103213 3
103217 1
103234 12
103242 4
103399 151
103413 11
103425 11
104264 817
104278 5
104659 377
104665 3
104741 75
104790 43
105424 631
105436 1
105451 5
105457 2
105673 214
106241 561
106932 670
107005 67
107007 1
107182 174
107204 20
107218 8
107229 9
107421 184
107942 520
108174 231
108547 370
108553 2
108566 11
108593 15
108739 140
108760 19
108833 68
108893 55
108898 2
109328 428
109345 6
109618 265
109627 7
109659 20
109680 9
109726 42
109860 133
109862 1
110176 312
110183 4
110213 15
110254 39
110275 18
110615 337
110617 1
110642 23
110649 1
110904 254
111087 175
111100 9
111103 2
111205 99
111581 371
111635 53
111649 9
111859 205
111905 45
111928 21
111972 35
111992 19
111996 1
112046 48
112058 3
112073 12
112091 11
112218 126
112227 6
112290 48
112309 10
112577 266
112732 137
112784 46
112798 2
112803 1
112806 1
113030 217
113040 4
113043 1
113527 483
114174 644
114194 14
114237 42
114385 146
114440 54
114447 1
114938 484
114968 28
114977 1
115051 64
115061 6
115069 1
115098 24
115107 4
115163 55
115475 306
115511 30
115691 179
115699 2
115719 19
115723 1
115735 11
115778 35
115791 4
115793 1
115939 142
116163 222
116342 177
117079 735
117404 318
117840 434
117983 133
118296 312
118310 10
118317 2
118326 1
118337 10
118368 30
119080 708
119857 770
120159 300
120167 7
120193 18
120557 358
120674 116
120679 1
120691 2
120705 8
120927 220
121189 260
121193 1
121198 1
121315 108
121362 44
121509 142
121535 25
121704 168
122192 476
122455 261
122510 47
122517 2
122559 37
122568 8
122575 3
122635 55
122676 39
122679 1
122706 19
122896 189
123234 327
123247 4
123276 26
123299 14
123312 7
123439 126
123540 100
123549 1
123555 2
123609 51
123632 22
123956 313
124033 73
124040 6
124059 13
124078 13
124572 481
124621 44
125021 393
125094 53
125134 34
125140 4
125158 2
125270 108
125460 184
125473 1
125509 28
125518 1
125586 66
125605 13
125719 108
125725 4
125839 110
125859 11
126056 188
126070 13
126076 2
126155 74
126269 111
126335 56
126383 39
126387 1
126881 492
127115 215
127131 15
127139 1
127312 171
127335 22
127576 240
127627 48
127631 2
127806 167
127834 19
128321 486
128325 2
128328 1
128517 184
128754 233
128929 158
128933 2
128936 1
128965 15
128981 1
128984 1
129458 469
129628 169
129634 4
129895 249
129918 18
129929 7
129965 25
130238 270
130243 1
130268 21
130291 18
130386 93
130394 7
130417 21
130535 117
130549 3
130806 253
130865 56
131441 571
131508 60
131668 158
131699 15
131722 1
131725 1
131894 165
131952 51
132353 400
132466 104
132577 110
132589 6
132713 122
132784 68
133241 456
133246 1
133249 1
133261 5
133476 214
133676 190
133690 7
133722 24
133792 49
133801 1
133823 17
133831 2
133833 1
133856 11
133874 12
133876 1
133878 1
133882 3
133940 53
133951 8
133981 27
133993 5
134015 19
134056 25
134058 1
134076 9
134115 35
134332 214
134846 512
134858 3
135093 232
135097 1
135392 293
135406 1
135422 14
135427 4
135582 146
135711 117
135746 27
135797 50
135806 1
135808 1
135853 30
135923 66
135961 29
135971 5
136114 129
136120 2
136134 12
136145 1
136993 841
137000 2
137291 290
137346 50
137358 8
137473 114
137652 171
137853 199
137861 2
137863 1
137918 49
138097 178
138113 11
138281 165
138299 1
138303 1
138545 240
138551 1
138579 25
139313 732
139353 39
139526 172
139544 16
139550 5
139557 1
139562 1
139578 14
139586 6
139595 5
139610 12
139654 42
139943 285
140008 49
140545 529
140560 6
140771 209
140777 5
141024 243
141087 57
141546 448
141577 23
141581 1
141619 32
142151 530
142465 311
142513 38
142590 70
142640 48
142646 4
142787 135
142799 2
143065 260
143586 518
143588 1
143625 34
143775 143
143880 96
143933 52
143938 1
143948 2
143980 2
144022 36
144441 417
144487 45
144638 150
144656 12
144669 6
144841 169
144855 3
145020 163
145022 1
145114 91
145117 2
145924 804
146105 178
146114 1
146235 117
146241 3
146261 19
146342 80
146533 183
146540 6
146549 6
146747 189
146823 73
146934 110
147285 345
147287 1
147299 8
147351 47
147836 480
147848 6
147865 12
148312 441
148510 194
148667 138
148836 164
148876 33
148951 72
149017 65
149114 81
149140 22
149622 479
149773 145
150013 239
150036 22
150299 258
150603 298
150622 3
150640 15
150642 1
150719 67
150770 47
150846 75
150857 3
151032 174
151111 75
151684 569
151696 9
152220 514
152685 461
152768 77
152778 2
152909 129
153103 182
153141 35
153143 1
153345 201
153365 10
153494 126
153498 1
153501 1
153509 1
153511 1
153895 383
154120 220
154124 1
154147 3
154165 16
154193 26
154214 20
154218 2
154249 29
154486 229
155010 521
155122 109
155210 75
155328 117
155485 155
155566 78
155576 2
155597 18
155833 232
155844 1
155951 106
155984 32
156044 58
156065 18
156077 11
156080 1
156323 242
156386 51
156388 1
156637 232
156709 61
156719 1
156730 4
156733 1
157315 579
157534 218
157537 2
157572 31
157575 2
157590 1
157722 109
157912 172
157949 34
157953 3
158001 40
158083 75
158145 53
158272 124
158325 52
158365 35
158372 6
158385 1
158394 1
158409 10
158416 5
158426 1
158444 12
158470 19
158476 3
158484 1
158544 56
158559 7
158632 66
158700 65
159026 315
159471 420
159596 124
159609 12
159634 21
159649 6
159718 65
160345 625
160428 81
160602 172
160618 2
160620 1
160656 27
160660 1
160681 6
160698 4
160879 178
160883 2
161040 148
161123 78
161127 1
161204 74
161208 2
161224 3
161290 62
161581 290
161607 19
161806 194
162919 1105
163004 71
163279 270
163281 1
163288 1
163604 302
163633 18
163758 122
163769 10
163841 58
163847 3
163918 67
164223 303
164297 73
164299 1
164326 26
164379 49
164389 2
164455 61
164496 34
164821 323
164824 1
165098 273
165383 282
165405 19
165622 216
165653 29
165810 154
165887 76
165908 12
165918 8
165935 12
165940 2
165980 37
166063 71
166086 18
166094 4
166099 1
166127 25
166131 2
166149 7
166153 1
166161 2
166205 38
166236 29
166245 3
166259 1
166268 2
166691 422
166700 3
166953 252
166957 2
166997 15
167075 72
167081 2
167099 12
167113 12
167119 1
167124 1
167133 6
167142 5
167164 17
167185 18
167211 21
167229 17
167437 196
167443 5
167448 1
167473 18
167675 201
167682 5
167948 261
167970 16
168020 49
168023 2
168035 6
168054 8
168061 1
168119 53
168130 7
168319 187
168422 102
168431 6
168513 77
168516 1
169003 484
169025 20
169028 2
169408 366
169438 24
169772 326
169777 1
169781 1
169834 49
169836 1
169995 158
170227 228
170295 66
170331 32
170333 1
170338 2
170529 182
170539 8
171079 538
171201 114
171266 64
171298 29
171389 88
171420 29
171438 7
171909 468
171927 14
171935 2
171973 33
171992 15
172151 141
172308 155
172344 35
172405 59
172414 7
172423 7
172439 15
172475 31
172483 7
173592 1101
173601 4
173612 6
173615 1
173625 1
173636 5
173783 145
173787 1
173808 20
173833 23
173835 1
174102 264
174107 3
174274 160
174743 467
174878 128
174984 97
174993 8
175057 60
175143 82
175264 115
175400 132
175451 45
175669 200
175709 36
175744 33
175751 3
175902 150
176029 124
176240 210
176247 4
176256 2
176282 22
176327 44
176488 160
176503 13
176826 314
176898 67
176904 2
176911 4
176913 1
176929 1
176945 3
177163 215
177173 3
177308 134
177326 14
177488 159
177499 8
177526 15
177772 240
177805 27
177814 6
177910 93
178049 135
178132 78
178432 299
178617 184
178672 46
178929 255
179004 71
179041 25
179052 4
179204 134
179219 1
179222 2
179224 1
179251 3
179306 54
179321 7
179325 2
179331 1
179421 86
179425 3
179434 2
179501 66
179735 232
179737 1
179774 23
179863 81
179882 16
180055 157
180062 3
180070 1
180075 3
180222 146
180226 2
180236 6
180271 30
180278 1
181087 806
181094 5
181143 16
181365 207
181371 1
181379 2
181406 24
181497 90
182000 498
182006 1
182017 4
182046 28
182054 1
182060 1
182068 7
182697 618
182700 2
182777 73
182864 83
182911 46
182950 35
182968 11
182975 2
183128 151
183209 80
183221 10
183914 690
183927 2
183938 7
183949 2
183984 26
183989 1
184016 26
184228 210
184247 16
184268 3
184341 42
184393 39
184519 111
184534 14
184579 43
184642 62
184652 9
184746 90
184784 28
184834 49
184854 18
184876 21
185094 211
185102 1
185217 113
185456 238
185464 1
185466 1
185486 6
185490 2
185674 171
185686 11
185693 3
185707 9
185717 3
186096 365
186160 61
186325 160
186730 404
186768 27
186782 1
186893 110
186914 19
186920 2
186926 4
186937 7
187197 251
187220 10
187222 1
187321 95
187337 13
187793 453
187804 3
188005 197
188024 12
188314 283
188400 78
188402 1
188411 4
188435 17
188543 99
188550 1
188787 236
188806 5
188843 31
188938 94
189059 117
189077 17
189162 79
189164 1
189167 1
189181 12
189467 279
189520 51
189989 468
190058 58
190797 736
190896 93
190914 16
191040 125
191054 1
191131 66
191981 840
192014 22
192019 3
192056 36
192657 595
192659 1
192671 8
192686 12
192848 161
192941 91
192973 30
192988 5
193002 10
193008 1
193039 21
193055 11
193299 242
193307 4
194558 1236
194561 1
194678 110
194707 24
194710 1
194814 74
195029 214
195037 1
195043 4
195051 6
195319 264
195535 202
195957 421
196003 40
196186 180
196340 146
196348 6
196671 322
196673 1
196799 118
196818 15
197559 740
197566 2
197712 139
197732 9
197865 129
197921 52
197964 39
198379 412
198419 1
198443 14
198613 167
198770 153
198818 45
198884 64
198888 3
198903 4
199046 142
199063 11
199085 21
199331 242
199339 5
199373 26
199375 1
199394 6
199412 9
199415 1
199425 6
199465 39
199805 321
199808 1
199815 3
199832 15
199999 166
200216 192
200241 24
200249 5
200366 116
200407 36
200581 170
200586 4
200589 2
200631 40
200644 12
200809 163
200817 1
201312 492
201331 11
201391 58
201405 13
201408 2
201481 67
201491 9
201515 21
201855 325
201896 39
201944 44
201966 7
202005 34
202304 298
202307 2
202551 243
202592 37
202627 16
203074 445
203085 4
203106 13
203150 32
203152 1
203354 200
203550 191
203770 214
203779 8
203793 13
203806 1
203827 16
203834 1
203847 10
204491 639
204520 28
204897 359
204942 43
205034 89
205105 68
205326 219
205346 1
205354 1
205363 3
206035 644
206089 52
206130 36
206149 1
206309 158
206597 279
206612 8
206616 1
206700 82
206720 17
206767 44
206783 15
206899 111
206911 8
207231 307
207326 94
207427 99
207445 10
207489 39
207539 43
207555 14
207586 26
207943 355
208003 53
208094 65
208100 2
208106 1
208186 76
208218 25
208611 391
208634 5
208651 15
208679 20
208685 2
208691 1
208703 11
208789 84
208799 1
208834 32
208957 117
209111 153
209126 9
209179 48
209398 214
209819 418
209934 111
209937 2
210227 287
210240 11
210300 59
210329 11
210365 25
210553 187
210561 5
210566 4
210931 364
210954 22
210962 6
210985 15
211125 136
211129 3
211145 10
211551 398
211824 271
211830 1
211836 1
211865 27
211879 13
211894 7
211900 4
212085 178
212751 665
212805 50
213332 524
213353 16
214041 678
214050 4
214137 85
214267 127
214270 2
214282 6
214285 1
214296 8
214300 1
214309 4
214335 20
214589 246
214979 389
214996 13
215102 98
215166 49
215554 380
215571 15
215575 3
215608 23
215736 123
215738 1
215745 2
215801 54
215830 19
215854 18
215900 43
215925 23
215936 9
216264 324
216355 87
216567 209
216570 2
216984 408
216987 1
216997 8
217007 4
217026 4
217659 632
217936 276
218267 329
218325 56
218387 56
218391 3
218420 20
218435 10
218437 1
218613 174
218630 12
218674 37
218879 203
218929 49
218944 7
218978 31
218994 2
219153 155
219169 6
219187 14
219204 12
219292 86
219352 48
219357 2
219365 7
219377 7
219388 10
219417 27
219425 4
219547 118
219717 163
219730 7
219737 1
219780 39
219792 7
219801 6
219836 31
219874 35
220045 156
220088 40
220118 9
220125 1
220177 50
220188 7
220197 8
220221 19
220503 267
220706 195
220721 5
220774 52
220953 176
220989 35
221367 374
221376 1
221688 311
221723 33
221929 195
221948 7
221968 17
221977 8
222243 260
222301 49
222306 2
222445 138
222491 43
222518 15
222594 73
222607 9
222665 56
222674 6
222693 18
223273 576
223417 141
223539 107
223542 2
223545 2
223711 158
223743 7
223778 21
224181 395
224332 147
224360 25
224580 203
224592 5
224647 50
225051 386
225056 1
225780 708
225792 9
225794 1
225835 30
225838 1
225869 25
225895 25
226166 261
226171 4
226174 2
226695 514
226698 1
226702 1
226724 20
226809 81
227046 228
227064 11
227068 3
227478 409
227506 8
227612 102
227637 23
227792 150
227842 45
227863 20
227891 24
227934 42
228660 723
228719 49
229214 489
229336 117
229401 57
229485 82
229559 71
229617 57
229665 47
229751 82
229775 13
229785 8
229953 163
230094 138
230104 2
230117 1
230156 38
230167 4
230431 261
230437 2
230754 313
230761 1
230896 133
230956 59
230978 20
231023 43
231073 48
232113 1036
232414 296
232485 68
232491 3
232500 2
232567 59
232571 2
232580 8
232599 15
232630 30
232673 39
232718 39
232902 183
234174 1256
234181 2
234197 14
234203 1
234246 38
234302 54
234681 376
234718 25
234726 3
234732 1
234768 16
234778 3
234818 37
234842 15
234899 56
235103 197
235135 25
235538 402
236491 945
236873 378
236999 120
237002 1
237283 278
237297 13
237300 1
237347 34
237350 2
237363 6
237375 3
237662 285
237671 1
237675 1
237718 7
237984 238
238008 19
238024 11
238029 2
238215 182
238225 6
238234 6
238288 53
238329 39
238354 20
238369 13
238373 1
238456 82
238832 369
238857 19
239268 403
239291 22
239306 13
239603 296
239606 1
239745 138
239801 53
240225 419
240617 386
240636 1
240650 2
240768 113
240778 4
240897 115
240917 18
241053 131
241181 127
241189 6
241194 2
241457 262
241464 6
241516 48
241520 3
241588 65
241823 222
241948 115
241978 13
242215 232
242221 1
243840 1616
243849 8
243851 1
244053 201
244217 163
245276 1058
245291 9
245412 119
245868 450
245903 34
245910 2
245921 2
246195 271
246209 2
246221 9
246272 49
246394 120
246427 26
246553 108
246572 16
246869 296
247387 516
247628 239
247702 70
247828 114
247958 126
247962 1
247971 3
248321 349
248326 2
248427 82
248429 1
248460 28
248508 43
248541 26
248554 8
248769 201
249019 249
249281 256
249295 1
249298 2
249494 195
249504 6
249507 1
250025 511
250031 1
250038 2
250076 31
250078 1
250082 3
250180 94
250320 133
250338 12
250342 3
250369 23
250372 1
250393 18
250405 1
250431 18
250456 21
250826 365
250828 1
250938 93
251003 64
251221 217
251594 368
251891 284
252122 225
252127 2
252477 349
252510 23
252558 44
252637 78
252722 84
253242 513
253246 2
253457 210
253941 480
254188 240
254197 1
254202 1
254206 3
254218 9
254449 230
254453 3
254822 368
254848 25
254871 18
254877 3
254880 2
254923 42
255286 344
255336 41
255347 3
255579 229
255782 198
255788 2
256037 244
256215 174
256223 1
256238 10
256275 23
256285 7
256627 338
256667 34
256677 5
256710 1
256717 3
256799 71
257156 352
257177 14
257219 39
257230 3
257275 37
257371 88
257813 437
258098 282
258107 7
258110 1
258261 148
258378 101
258387 1
258475 79
258648 170
258671 20
258676 4
258681 4
258701 17
258710 6
258878 166
258885 1
259191 301
259364 168
259375 5
259509 129
259514 2
259516 1
259525 4
259618 92
259640 18
259652 11
259655 1
259684 25
259746 59
259876 128
259884 5
260054 168
260203 146
260257 49
260281 16
260568 283
260571 1
260578 4
260755 176
260764 1
260791 26
261058 265
261159 93
261174 1
261355 161
261365 6
261372 1
261385 2
261389 1
261443 28
261692 244
261704 1
261816 106
261865 46
261899 27
261919 19
261929 6
261947 1
261964 14
261966 1
262132 164
262227 94
262241 4
262642 398
262644 1
262846 191
262869 22
263017 147
263039 17
263081 40
263088 1
263119 29
263148 23
263156 1
263196 31
263213 1
263247 23
263308 54
263311 1
263315 1
263322 5
263325 1
263351 17
263388 36
263415 24
263644 226
263740 92
263796 55
264209 412
264223 11
264588 356
264836 222
264849 4
264894 41
264904 1
264939 33
264977 33
264993 6
265008 9
265068 59
265100 17
265110 5
265321 208
265453 117
265457 1
265464 2
265468 2
265840 367
265865 16
266058 191
266175 108
266186 5
266430 243
266526 94
266564 33
266652 78
266960 306
267137 168
267170 29
267176 4
267218 39
267365 136
267393 27
267604 207
267653 48
267719 63
267738 17
267755 2
268354 598
268368 10
268378 7
268400 12
268415 9
268421 5
269011 583
269106 93
269358 248
269363 1
269398 31
269548 142
269560 6
269848 286
269856 2
269872 14
270090 206
270381 288
270653 261
271159 504
271166 6
271176 2
271203 22
271458 254
271479 12
271492 8
271495 1
271497 1
271629 131
271668 17
271778 107
271834 55
271891 54
271976 80
272341 363
272368 12
272378 9
272406 14
272419 2
272442 18
272590 146
272610 10
272903 284
272946 39
272956 1
272974 16
273199 224
273365 161
273367 1
273427 47
273599 168
273657 57
273699 36
273749 48
274103 353
274364 258
274419 48
274998 573
275141 126
275228 81
275232 1
275707 471
275959 246
277129 1164
277149 18
277153 2
277345 191
277399 52
277418 11
277898 475
278071 158
278085 12
278094 7
278337 237
278352 13
278362 1
278564 192
278658 92
278792 129
278799 2
278818 14
278839 15
279181 338
279195 3
279198 1
279234 33
279318 80
279325 1
279821 494
279826 3
279836 4
279842 2
279855 2
280331 472
280337 3
280351 1
280370 1
280446 75
280449 1
280457 7
280460 2
280503 40
280765 254
280781 6
280843 60
281168 314
281186 15
281321 132
281372 46
281399 18
281401 1
281714 310
282455 736
282497 38
282514 4
282536 21
282546 9
282570 15
282877 293
282881 1
282884 1
282903 11
282907 1
282922 14
282989 61
283149 153
283187 29
283202 9
283213 8
283293 73
283298 1
283487 188
283524 29
283618 92
283634 1
283640 1
284145 504
284152 1
284229 71
284241 2
284579 333
285233 650
285471 224
285574 100
285620 42
285650 14
285689 37
285699 9
285704 1
285778 65
286059 277
286203 138
286223 12
286286 60
286292 3
286334 40
286885 548
286932 42
287033 98
287078 36
287242 163
287383 138
287443 59
287459 14
287472 4
287506 28
287539 13
287548 1
287604 55
287614 9
287774 157
287814 23
288110 293
288118 3
288178 58
288343 164
288567 221
288569 1
288603 31
288614 8
288869 250
288888 18
288896 1
288915 18
288921 1
288955 32
289103 146
289112 1
289123 5
289136 1
289417 279
289434 5
289436 1
289500 60
289514 6
289651 122
289662 9
289671 3
289676 1
289705 17
289712 5
289820 107
289949 126
290422 455
290431 7
290456 15
290466 2
290510 41
290520 5
290668 146
290759 80
290762 1
290771 7
290966 194
291008 41
291146 135
291154 6
291187 19
291430 240
291891 460
292075 181
292225 148
292238 1
292271 27
292299 22
292331 27
292613 277
292629 7
292647 12
292649 1
292660 9
292683 19
292698 1
292733 23
292738 2
292741 2
293267 519
293274 6
293277 2
293291 13
293302 7
293313 1
293325 7
293335 5
293341 1
293382 39
293427 39
293447 18
293718 266
293730 9
293739 1
293741 1
293753 1
293846 92
293974 122
294063 88
294095 29
294374 271
294381 5
294594 210
294610 1
294612 1
294615 1
294637 17
294654 1
294982 325
295007 24
295447 436
295453 2
295456 1
295534 69
295588 46
295598 7
296265 666
296402 136
296458 44
296463 1
296473 9
296495 12
296507 3
297029 514
297046 10
297110 59
297122 5
297143 13
297154 3
297158 1
297172 7
297233 57
297235 1
297282 41
297288 1
297303 11
297318 14
297521 197
297587 64
297869 268
297877 2
297880 1
298448 564
298471 20
298487 12
298612 124
298667 53
298809 138
298845 21
298881 28
298889 1
298907 5
299025 113
299054 28
299057 1
299112 52
299177 61
299181 3
299584 401
299593 7
300102 508
300120 15
300126 1
300214 87
300220 5
300235 1
300238 1
300241 2
300680 438
300821 136
300896 74
301091 188
301139 46
301622 470
302205 580
302214 7
302217 2
302226 1
302239 9
302319 76
302379 58
302381 1
302388 4
302397 6
302896 493
302949 42
302961 10
302981 12
302996 4
303002 1
303145 139
303548 401
303564 10
304374 805
304390 3
304642 251
304645 1
304663 12
304722 57
304914 188
304987 72
305005 16
305148 142
305628 475
305636 4
305827 189
305870 39
306087 209
306113 19
306154 30
306206 44
306353 135
306537 182
306556 13
306673 116
306677 3
306688 3
306705 15
306729 21
307248 515
307423 170
307607 169
307616 1
307705 88
307710 1
307812 93
308269 454
308902 626
308907 3
308921 12
308950 16
308961 8
309020 50
309078 43
309082 1
309294 210
309302 7
309480 173
309486 4
309730 243
309743 9
309787 42
310094 306
310452 353
310462 1
310705 220
310842 133
310847 1
310854 5
311024 143
311217 186
311227 8
311345 115
311430 79
311445 13
311449 1
311487 37
311556 56
311567 8
312351 767
312378 3
312402 22
312410 6
312973 560
313177 198
313179 1
313182 1
313186 2
313444 255
313490 45
313751 260
313809 49
314055 236
314076 18
314106 29
314119 5
314125 4
314135 4
314155 11
314201 43
314435 226
314440 1
314455 10
314460 1
314464 1
314620 155
314653 31
315055 400
315066 5
315079 5
315081 1
315601 516
315624 16
315631 6
315633 1
315697 62
315709 7
315711 1
315928 206
316094 165
316109 13
316116 1
316141 24
316144 2
316287 141
316297 7
316314 10
316708 391
316740 12
316743 1
316888 143
317166 274
317331 157
317397 65
317422 14
317433 4
317449 14
317451 1
317561 102
317713 148
317728 7
317904 169
317915 9
317948 27
318115 166
318123 4
318207 81
318433 223
318525 90
318682 154
318747 58
318841 83
319070 226
319073 2
319087 12
319384 295
319410 23
319463 51
320326 857
320477 148
320492 2
320552 51
320985 430
321238 244
321273 34
321301 26
321320 15
321394 64
321441 35
321447 4
321456 1
321495 36
321690 191
321696 4
321759 61
321790 29
321851 57
321902 50
322002 99
322013 2
322023 8
322237 213
322305 52
323300 994
323800 494
324451 643
324462 10
324472 1
324474 1
324635 157
324647 6
324694 45
324733 33
324985 250
324987 1
324990 1
324993 2
325022 25
325042 16
325101 58
325118 9
325344 218
325369 22
325920 546
325932 10
325955 22
326226 269
326620 386
327168 544
327957 786
328038 67
328198 157
328231 31
328244 5
328303 52
328407 97
328417 1
328608 178
328894 283
328952 56
328957 2
329002 43
329018 11
329061 37
329064 1
329075 10
329396 320
329405 6
329408 1
329702 292
329960 253
329975 12
330003 15
330008 1
330081 65
330095 6
330138 35
330250 104
330429 176
330553 114
331157 600
331237 77
331239 1
331285 45
331730 443
331746 12
331826 68
332098 270
332296 196
332407 106
332409 1
332415 3
332642 225
332648 4
332934 280
332946 9
333010 50
333130 118
333150 19
333282 107
334148 842
334193 37
334258 63
334470 208
334503 13
334520 13
334620 95
335217 592
335285 65
335341 53
335429 85
335432 1
335436 1
335459 19
335527 67
335542 7
335571 15
335639 67
335677 25
335682 3
336076 391
336085 2
336106 3
336226 117
336704 477
336972 245
336977 1
337172 191
337270 90
337285 9
337353 60
337371 4
337434 60
337536 98
337757 218
337920 158
337937 13
337956 1
338050 91
338082 22
338128 45
338131 2
338578 443
338876 286
338909 27
338988 73
339004 12
339066 49
339215 122
339218 1
339243 23
339259 11
339784 511
339871 81
339886 13
339895 8
339905 7
339911 1
339915 2
340007 88
341086 1075
341096 7
341111 10
341359 246
341366 3
341396 22
341583 186
341844 259
341966 110
342010 41
342342 329
342602 257
342607 3
342783 169
342802 17
343063 259
343083 12
343087 3
343337 247
343349 5
343376 26
343452 64
343608 150
343615 3
343630 13
343687 55
343731 39
343737 2
344492 747
344497 2
344546 48
344559 2
344942 374
345232 288
345238 1
345240 1
345246 1
345299 34
345791 487
345801 7
345979 177
346588 604
347123 530
347331 201
347383 51
347403 18
347509 105
347562 47
347754 187
347806 48
348059 240
348433 362
348500 48
348505 2
348867 360
349021 148
349025 1
349474 448
349523 32
350145 621
350151 3
350194 36
350233 18
350236 1
350416 170
350575 157
350597 17
350712 111
350781 68
350794 7
350847 48
350867 11
350894 26
350900 3
350922 14
350944 11
351017 65
351027 7
351057 13
351065 6
351150 75
351165 14
351189 22
351242 48
351258 7
351277 15
351441 158
351458 16
351464 4
352018 549
352293 274
352295 1
352476 168
352617 132
352951 326
352975 1
353174 194
353196 3
353199 2
353722 514
354046 320
354098 44
354122 1
354138 4
354346 206
354348 1
354393 39
354398 2
354415 7
354860 432
354877 13
354882 1
355122 239
355125 1
355144 6
355161 9
355202 38
355223 19
355257 24
355259 1
355409 147
355420 9
355425 1
355481 49
355484 1
355495 9
355547 42
355592 24
355800 207
355827 22
355840 4
356114 273
356238 123
356243 1
356321 70
356464 142
356506 40
356543 36
356587 37
356592 3
356947 354
356968 19
357002 17
357004 1
357045 37
357048 1
357057 1
357910 851
357912 1
358093 179
358098 4
358128 27
358531 402
358541 7
358545 3
358549 1
358581 23
358626 44
358653 13
358777 121
358787 8
358808 20
358831 20
358979 146
358990 1
358994 1
359008 2
359021 8
359035 7
359053 12
359123 69
359127 1
359130 1
359149 1
359170 11
359346 174
359365 14
359394 22
359587 182
359661 73
359748 78
360448 697
360469 18
360571 98
360836 264
360850 12
360959 104
360978 11
361250 271
361391 138
361413 16
361535 121
361557 13
361566 4
361644 69
361731 79
361734 2
361737 1
362051 312
362067 4
362133 55
362385 249
362643 255
362645 1
362812 163
362828 14
362838 1
362842 3
362851 1
362962 109
362965 2
363226 256
363232 2
363256 18
363747 489
363752 2
363803 48
364592 781
364599 3
364846 245
364979 128
364985 1
365043 55
365055 9
365089 22
365091 1
365093 1
365357 256
365739 377
365972 223
366201 227
366325 120
366335 7
366485 146
366488 1
366597 105
366651 51
366752 98
366763 1
366777 1
366796 7
366802 2
366939 136
366955 14
367065 108
367116 37
367142 24
367409 261
367709 295
367711 1
367869 156
367958 87
367963 1
368700 736
369921 1215
370060 132
370078 16
370094 4
370180 82
370830 643
370854 17
370917 62
370947 16
370970 21
370973 1
370992 1
371350 348
371568 196
371572 1
371668 86
371673 3
371689 8
372044 354
372143 88
372217 71
372223 1
372407 179
372447 39
372457 1
372992 532
373018 10
373029 10
373140 104
373410 269
373438 21
373448 1
373460 1
373482 12
373486 2
373760 270
374136 374
374922 781
374932 9
375339 402
375344 2
375348 2
375377 24
375427 48
375430 1
375499 65
375596 88
375852 254
376402 544
377285 881
377354 68
377381 26
377401 11
377450 46
377529 65
377559 24
377564 1
378461 884
379143 678
379170 18
379301 116
379333 26
379401 65
379410 1
379413 1
379438 2
379460 1
379462 1
379465 1
379469 1
379491 15
379520 23
379624 103
379644 18
379749 102
379775 9
380172 395
380177 1
380185 7
380196 8
380207 3
380328 118
380600 267
380607 2
380615 6
380625 4
380734 108
380743 5
380782 20
380845 53
380903 52
380955 45
380999 38
381036 36
381088 51
381215 118
381218 1
381228 9
381312 70
381366 46
381396 29
381893 495
381912 9
383387 1473
383706 316
383722 4
384154 430
384191 35
384351 158
384386 25
384401 3
384408 5
384523 110
384597 70
384611 13
384632 17
384635 2
384656 18
384681 2
384703 11
384765 61
384768 1
384773 4
384811 29
384813 1
384968 144
385141 161
385150 6
385307 151
385311 3
385779 460
386230 447
386347 115
386352 1
386498 145
386516 11
387706 1185
387896 188
387916 13
387945 10
387991 44
387998 2
388039 32
388305 264
388307 1
388534 225
388913 378
388919 2
388937 5
388940 1
388948 2
388956 1
388962 1
389475 511
389652 171
389659 1
389669 9
389697 27
389710 1
390024 312
390053 20
390183 122
390239 48
390311 70
390541 220
390565 16
390608 42
390861 250
390871 4
390923 48
390971 36
390976 3
391118 128
391122 3
391129 2
391253 121
391320 66
391324 2
391331 1
391349 15
391488 136
391491 2
391497 1
391518 13
391521 1
392289 765
393775 1483
393786 1
393817 24
393988 169
394213 217
394367 153
394383 15
394485 95
394511 11
394525 12
394530 1
394556 23
394589 31
394602 6
394617 4
394835 213
394861 22
394905 34
395020 110
395040 16
395365 321
395369 2
395417 39
395426 4
395569 142
395587 17
395597 4
395934 336
395940 5
395976 35
395991 9
396019 17
396805 778
396809 2
396863 53
396879 1
396886 3
396934 39
397341 405
397347 2
397603 243
398023 405
398027 3
398049 9
398086 31
398088 1
398120 26
398124 1
398149 23
398152 2
398734 581
399021 283
399044 1
399047 1
399062 7
399150 86
399152 1
399184 30
399539 348
399545 3
399615 58
399621 4
399635 10
399777 138
400039 261
400076 36
400149 68
400170 11
400428 254
400482 45
401192 709
401216 21
401224 7
401234 3
401257 8
401392 133
401399 5
401560 158
401571 7
401602 25
401751 144
401933 172
402154 216
402156 1
402190 32
402195 1
402339 142
402373 31
402471 95
402475 1
402554 77
402597 32
402669 69
402701 23
402724 21
402861 135
402869 1
402938 66
403195 256
403213 7
403256 37
403316 59
403332 1
403430 96
403438 3
403542 99
403963 420
403996 31
404067 63
404081 1
404088 1
404109 2
404439 325
404555 113
404954 393
404963 8
404969 5
404976 3
404983 1
404992 4
405105 112
405425 318
405446 15
405455 6
405542 86
405561 18
405616 46
405642 25
405713 66
405742 27
405753 9
405803 48
405829 17
405858 28
405873 14
405907 29
405915 1
405925 8
406274 345
406284 9
406307 16
406339 2
406391 46
406500 104
406514 6
406522 1
406555 29
406592 30
406606 9
406616 5
407096 473
407108 11
407112 2
407330 210
407347 14
407667 315
407673 3
407913 237
408037 122
408107 61
408384 270
408391 3
408553 159
408561 6
408565 1
408666 100
408709 40
408812 100
408825 11
408840 4
409083 233
409116 32
409136 17
409145 3
409150 2
409860 706
409898 29
410305 393
410937 624
410952 12
411046 90
411218 171
411269 49
411505 233
411545 39
411550 2
411587 36
411607 17
411612 1
411616 2
411680 62
411685 1
411699 13
411713 1
411732 14
411743 7
411763 16
411832 62
411835 2
411837 1
411843 1
412290 446
412397 103
412789 376
412871 80
412902 30
412925 22
412992 58
413000 3
413011 5
413052 25
413075 10
413185 108
413392 204
414069 666
414284 213
414296 7
414400 86
414446 14
414615 159
414620 3
414622 1
414633 2
414643 3
414658 9
415012 344
415127 97
415138 9
415417 275
415433 9
415524 78
415532 1
415655 121
415686 26
416236 548
416240 1
416492 230
416506 10
416517 10
416574 52
416602 27
416611 1
417194 555
417673 463
417711 34
417720 8
417827 93
417857 17
418043 173
418050 2
418085 34
418166 77
418262 92
418392 123
419022 612
419423 400
419425 1
419431 2
419456 17
419462 1
419508 43
419510 1
419525 1
419736 206
419749 9
419770 18
419930 159
420014 79
420026 8
420029 1
420059 25
420155 92
420320 163
420367 33
420529 153
420543 11
420565 16
420569 3
421155 582
421166 6
421186 19
421194 1
421339 137
421408 66
421451 42
421470 4
421479 5
421571 91
421991 417
422404 391
422459 53
422487 25
422513 6
422520 5
422552 23
422581 24
422657 66
422673 6
422677 2
422796 109
422850 47
422906 53
422937 19
423171 233
423183 11
423457 270
423525 52
423758 230
423791 32
423818 24
423861 28
424101 239
424106 1
424160 46
424169 1
424309 138
424332 18
424346 13
424360 2
424672 311
424674 1
424683 8
424806 119
424873 66
424895 18
424915 14
424921 2
424923 1
425063 134
425074 9
425214 135
425236 20
425249 11
425276 25
425519 239
425559 27
425643 83
425662 13
425789 115
425804 11
425821 9
425879 48
425887 5
425936 47
425946 1
426014 63
426037 19
426091 53
426095 3
426107 9
426448 340
426458 9
426483 21
426866 378
426927 53
427326 393
427336 6
427343 6
427554 210
427556 1
427578 21
427709 127
427714 2
427787 71
427813 7
427877 56
428067 188
428084 3
428147 59
428152 4
428698 536
428702 3
428716 5
428722 4
428736 13
428738 1
428757 17
428824 61
428984 158
429058 73
429215 153
429441 223
429494 48
429573 71
429586 10
429896 303
429949 52
430173 213
430190 4
430251 52
430293 33
430296 1
430457 160
430564 105
431012 445
431069 40
431253 171
431279 16
431355 75
431682 318
431780 87
431784 1
432039 253
432084 41
432105 20
432114 2
432153 34
432180 11
432274 92
432596 307
432839 229
433036 192
433043 1
433053 1
433055 1
433082 15
433096 6
433102 1
433163 57
433293 123
433530 230
433580 45
433671 88
433748 64
433753 4
433864 110
434287 422
434295 7
434297 1
434603 285
434605 1
434616 1
434772 149
434779 1
434792 11
434961 167
434964 1
434974 9
434976 1
435037 57
435052 1
435066 7
435074 2
435143 58
435241 92
435248 5
435261 5
435462 198
435472 8
435478 3
436502 1016
436543 40
436674 129
437270 590
437294 21
437299 1
437307 1
437347 37
437469 108
438781 1311
439472 689
439476 3
439491 5
439652 160
439689 34
439692 1
440570 868
440719 136
440732 9
440887 152
440896 5
440908 8
441088 176
441101 10
441868 766
441874 2
441879 1
441887 2
442133 243
442137 1
442172 34
442178 1
442192 13
442204 11
442210 5
442241 22
442619 375
442705 74
442731 25
443003 270
443352 348
443382 29
443388 5
443395 2
443402 3
443409 6
443419 8
443447 9
443802 348
443876 70
443992 114
444095 97
444242 146
444245 2
444638 392
444805 161
444996 188
445104 107
445151 35
445153 1
445198 42
445201 1
445222 9
445305 78
445416 93
445424 5
445563 124
445568 2
445783 210
446211 426
446355 135
446389 32
446395 5
446631 233
446749 117
446926 147
446940 12
446947 5
446959 6
446988 23
447003 6
447009 4
447020 6
447156 132
447213 39
447216 2
447224 1
447466 233
447602 133
447610 2
447623 10
447655 17
447665 9
447692 24
447696 3
447698 1
447710 9
447713 1
447825 106
447832 4
447834 1
447897 55
447930 28
447944 1
447990 45
448183 185
448198 11
448240 36
448404 161
448463 43
448547 82
448564 9
448605 32
448622 16
448637 9
448736 93
448766 15
448804 29
449276 466
449283 5
449567 283
449641 71
449782 135
449914 129
450255 340
450459 203
450470 5
450603 132
450757 149
450772 10
450829 56
450917 87
451398 472
451403 3
451413 3
451440 18
451666 221
451671 1
451890 212
451894 2
452182 284
452734 549
452764 29
452954 183
453091 136
453100 8
453129 26
453138 8
453150 10
453152 1
453156 1
453227 61
453232 1
453333 97
453344 4
453751 399
453768 6
453820 51
453847 24
453852 1
453892 31
453946 53
454206 255
454275 60
454393 112
454736 322
454798 44
454827 27
454883 48
454888 2
454897 6
454928 26
454936 2
454951 12
454957 3
454970 2
455040 46
455110 68
455113 1
455164 49
455269 93
455274 4
455681 398
455690 7
455700 1
455891 190
455894 1
455903 4
455925 13
455957 29
456176 216
456367 190
456579 208
456750 166
456759 1
456811 44
456815 2
457139 313
457381 225
457395 2
457411 10
457425 3
457431 3
457543 110
457566 17
457581 11
457619 35
457679 58
457757 74
457763 1
457779 11
457944 163
458050 98
458061 6
458068 3
458074 1
458084 1
458313 211
458321 4
458397 74
458424 25
458596 170
458840 238
458865 1
458871 1
458917 44
459523 603
459629 104
459646 4
459649 1
459982 331
459991 1
459996 1
460015 18
460044 28
460065 2
460181 108
460210 19
460219 5
460239 19
460243 1
460271 26
460277 1
460281 1
460406 122
460408 1
460413 2
460561 147
460952 386
461059 89
461065 4
461071 1
461402 330
461552 148
461949 395
461959 7
461969 3
462244 272
462660 413
462674 7
462765 86
462789 19
462808 2
463240 430
463242 1
463271 1
463273 1
463278 1
463287 7
463297 8
463897 591
463909 9
463924 10
464033 106
464043 6
464143 94
464219 68
464737 514
464830 92
464864 21
465227 353
465231 1
465888 656
465891 2
466356 461
466365 7
466373 1
466569 194
466885 308
466935 42
467104 166
467119 14
467662 537
467695 31
468120 424
468130 5
468154 23
468159 4
468167 7
468182 6
468278 93
468747 467
468788 40
468815 23
468818 2
468828 1
468939 98
469218 262
469223 1
469233 5
469237 3
469248 8
469256 1
469712 451
469740 19
469751 2
469832 73
469847 5
470280 414
470295 1
470304 2
470606 299
470612 4
470614 1
470669 51
471243 571
471374 130
471387 5
471396 5
471699 294
471788 88
471906 112
471923 13
471926 1
471967 40
471975 6
472519 529
472662 136
472727 61
472738 5
472740 1
472750 1
472789 38
472844 50
472986 137
472992 5
472998 4
473000 1
473006 3
473177 164
473186 6
473430 226
473436 2
473451 14
473477 24
473515 37
473628 111
473830 191
473865 32
474132 264
474164 19
474175 8
474191 9
474321 126
474383 44
474407 9
474611 203
474614 1
474628 4
474644 8
474661 14
474682 20
474693 1
474727 33
474739 11
474743 1
474746 2
474797 50
474864 50
474954 83
474973 14
474985 2
475017 28
475026 1
475447 420
475449 1
475713 259
475716 2
475802 81
475838 32
475844 1
475928 75
475942 9
475991 43
476019 17
476026 5
476108 71
476954 844
476961 3
476972 9
477133 160
477286 146
477291 2
477301 3
477304 1
477380 63
477762 378
477764 1
477962 192
477975 9
477978 1
478013 32
478082 62
478786 692
478792 5
478801 6
478835 29
479376 532
479381 1
479524 141
479585 52
479588 2
479809 217
479839 6
480335 494
480512 176
480517 2
480529 9
480716 182
480727 4
480768 29
481024 253
481073 47
481094 17
481281 183
481301 6
481566 261
481583 15
481592 1
481604 10
481773 164
482414 633
482421 5
482423 1
482433 1
482449 13
482502 52
482506 1
482517 1
482549 26
482572 20
482585 6
482623 35
482633 9
482645 4
482656 1
482690 29
483662 971
483813 145
483821 1
483837 1
483972 131
484100 126
484134 32
484141 1
484166 20
484388 213
484402 10
484773 364
484794 11
484805 6
484825 19
485326 497
485330 3
486194 856
486202 1
486230 26
486430 199
486445 2
486511 65
486757 234
486942 182
486967 7
487011 42
487227 215
487424 193
487658 233
487890 226
488213 308
488554 339
488590 32
488612 15
488651 32
488707 55
488712 4
488748 33
488780 24
489209 428
489278 67
489390 108
489400 1
489408 6
489464 55
489627 162
489792 164
489953 157
490127 161
490162 10
490180 8
490184 3
490358 171
490391 25
490397 2
490789 391
490802 9
490880 77
490885 1
490904 13
490911 2
490921 7
490948 25
491010 56
491023 12
491046 22
491397 350
491474 74
491489 13
491542 46
491555 5
491786 225
491797 10
491819 1
491822 1
491933 102
492011 75
492093 63
492111 9
492123 11
492168 42
492190 14
492265 74
492272 1
492395 120
492414 15
492475 58
492483 1
492801 316
492940 127
492957 1
493188 229
493193 4
493236 41
493575 334
493766 185
493771 1
493776 1
494250 466
494416 165
494478 58
494480 1
494492 7
494494 1
494652 156
494659 6
494678 17
494872 186
495224 334
495233 7
495315 80
495370 52
495821 444
495845 1
495847 1
495852 1
495857 1
495947 74
496100 149
496104 3
496112 6
496116 1
496156 36
496207 49
496210 2
496434 215
496723 288
496823 98
496834 3
496842 1
496919 75
496962 31
496994 12
497001 6
497134 130
497143 8
497413 258
497533 104
497593 54
497606 5
497742 135
497841 87
497847 1
497851 2
497862 10
497869 2
497890 3
498160 264
498705 537
499101 395
499249 143
499272 22
499303 26
499535 226
499592 55
499922 327
499928 5
499992 42
499995 1
500014 17
500122 98
500359 236
500364 3
501188 822
501215 25
501217 1
501529 309
501554 23
502138 582
502356 217
502361 2
502367 5
502393 21
502403 5
502415 2
502535 118
502549 6
502552 2
502555 1
503095 539
503097 1
503111 1
503547 425
503572 24
503640 51
504544 903
504556 7
504795 234
505512 711
505558 41
505581 22
505608 21
505626 1
505631 3
505889 246
505941 50
506079 131
506086 5
506092 2
506098 4
506153 40
506932 776
506936 3
506948 10
506958 1
507020 61
507375 353
507385 9
507411 2
507906 484
508296 387
508303 4
508373 62
508530 156
509109 576
509124 12
509178 52
509231 52
509304 63
509316 2
510094 767
510232 127
510244 7
510588 343
511370 774
511461 88
511499 22
512099 599
512119 17
512133 5
512194 60
512383 185
512636 248
512714 76
512725 4
512737 11
512987 246
513007 1
513244 235
513266 15
513504 231
513523 18
513798 270
513816 14
513823 5
513832 6
513835 2
513848 8
514075 225
514081 1
514181 98
514226 37
514238 7
514255 1
514390 129
514555 125
514561 2
514696 132
514766 62
515023 254
515030 2
515091 57
515140 38
515148 3
515428 278
515433 2
515785 350
515866 73
515871 2
515884 12
516196 310
516545 347
516618 60
516623 1
516626 1
516676 44
516735 54
517264 520
517334 50
517339 2
517362 15
517785 421
517790 3
517794 1
517817 6
517819 1
518587 759
518846 250
518869 12
518913 43
518917 2
518924 1
518928 2
519066 133
519095 28
519251 150
519257 1
519260 1
519286 1
519523 220
519611 87
519709 92
519721 11
519733 11
519737 1
519741 2
519914 167
519918 2
519989 67
520119 124
520148 27
520578 425
520597 2
520903 296
520908 2
520912 1
520968 34
521080 107
521103 19
521384 280
521465 80
521495 28
521504 8
521738 231
521784 30
521818 32
521858 35
521885 18
521904 11
521935 6
521940 4
522161 193
522174 6
522202 12
522472 269
522478 1
522508 17
522550 38
522972 415
522979 5
522984 2
522991 1
523126 120
523143 8
523150 1
523374 215
523462 72
523617 150
523716 98
523732 1
523823 87
523951 113
523994 42
524036 39
524047 6
524077 23
524199 118
524442 242
524448 4
524457 5
524542 77
524552 9
524598 41
524639 37
524856 216
525360 498
525400 36
525684 280
525764 59
525828 60
525925 80
525935 4
526131 191
526535 402
526557 12
526587 23
526593 1
526645 49
527017 371
527034 15
527074 35
527184 100
527200 14
527503 302
527515 1
527543 26
527567 7
528644 1073
528657 11
528660 2
528668 1
528757 88
528771 12
528779 1
528782 2
528885 100
528909 10
529066 153
529271 199
529659 383
529751 85
529762 1
529795 29
529890 94
530042 150
530044 1
530190 136
530231 39
530245 11
530251 5
530253 1
530263 2
530289 14
530304 1
530315 1
530333 16
530382 40
530730 347
530733 1
530938 193
531273 329
531392 117
531398 2
531407 7
531418 7
532384 961
532559 173
532562 1
532574 8
532594 10
532967 365
533280 311
533338 43
533340 1
533470 129
533503 23
533549 38
533710 160
533726 10
533731 4
533744 10
533765 11
533770 1
533947 173
534153 201
534215 59
534235 3
534548 305
534550 1
534822 262
534836 8
534872 32
535074 200
535101 21
535198 95
535228 29
535237 6
535240 2
535245 3
535426 176
535464 27
535517 50
535591 73
535862 269
536059 195
536200 139
536267 62
536420 144
536626 203
536703 76
536711 6
536832 110
536844 8
536963 117
537036 68
537072 34
537093 18
537098 2
537117 14
537129 2
537139 5
537143 1
537156 1
537172 15
537179 1
537187 7
537248 60
537694 445
537812 113
537933 112
537943 5
538167 221
538173 1
538278 100
538302 5
538327 20
538338 1
538362 18
538375 11
538876 500
539412 535
539465 48
539752 286
540154 399
540572 412
540602 29
540703 99
541018 313
541035 12
541043 6
541129 82
541224 74
541518 270
541533 1
541681 140
541980 296
541994 8
542033 36
542058 20
542078 16
542093 2
542097 2
542104 2
542119 6
542125 5
542309 173
542323 2
542328 1
542653 324
542678 23
542687 5
542693 2
542709 13
542738 27
542745 4
542750 4
542784 25
543021 236
543028 3
543602 571
543663 54
543687 5
544533 832
544535 1
544862 326
545310 439
545323 12
545326 2
545338 1
545440 97
545548 85
545989 440
546200 203
546308 104
546321 9
546477 155
546481 3
546517 30
546542 24
546667 119
547140 462
547145 1
547984 831
548011 24
548153 134
548159 1
548251 86
548256 1
548267 9
548274 1
548806 530
548819 4
548833 6
548907 73
548933 16
548936 1
549035 92
550171 1132
550191 15
551019 827
551106 86
551298 189
551327 28
551330 1
551356 23
551372 15
551379 2
551537 157
551550 12
552250 696
552257 5
552271 13
552276 1
552288 2
552301 11
552304 1
552355 50
552611 252
552655 36
552657 1
552712 54
552737 24
552883 134
553434 542
553470 8
553475 2
553582 105
553593 1
553603 7
553917 310
553940 21
554003 57
554037 26
554074 22
554351 255
554503 140
554766 259
554783 11
554814 27
554923 105
555208 279
555265 53
555317 50
555540 221
555733 189
555739 3
555764 21
555779 7
555930 136
555946 5
556022 75
556027 3
556035 7
556136 97
556187 50
556199 7
556201 1
556232 13
556357 124
556396 37
556438 28
556445 1
556723 276
556727 1
557041 313
557052 10
557320 262
557671 350
557690 18
557878 186
557885 6
558135 247
558371 235
558428 55
558439 10
558548 107
558557 1
558600 39
559014 411
559115 100
559127 10
559155 6
559264 107
559661 396
559676 4
559690 8
559846 136
560060 210
560091 28
560117 23
560139 18
560146 1
560156 1
560743 585
560766 14
561020 253
561025 1
561059 8
561094 16
561113 5
561266 150
561292 22
561322 26
561824 480
562335 510
562358 21
562387 28
562395 7
562401 2
562497 93
562673 170
562681 3
562943 255
562968 4
562972 1
562989 12
563080 89
563184 100
563199 10
563202 2
563239 32
563472 218
563725 248
563729 1
564087 345
564093 1
564114 10
564685 565
564826 137
564925 97
565553 626
565560 1
565629 67
565650 8
565660 7
565716 48
565839 121
565849 1
565937 82
566431 482
566747 315
566763 6
566786 22
567017 227
567232 208
567248 12
567366 114
567375 5
567956 575
567975 8
568040 62
568180 137
568276 91
568456 176
568834 364
569256 418
569270 9
569288 1
569292 2
569363 65
569379 2
570050 643
570076 21
570155 75
570274 103
570292 16
570327 31
570337 6
570475 132
570497 20
570514 5
570685 170
571207 514
571219 1
571287 67
571409 120
571431 13
571443 9
571642 195
571662 12
571678 12
571692 6
571697 3
571704 1
571848 143
571892 40
572027 133
572042 9
572054 8
572073 11
572101 26
572116 11
572359 242
572697 337
572710 12
572762 33
572797 33
572809 8
572817 1
572905 86
572917 4
573100 180
573405 304
573441 31
573465 23
573513 47
573524 3
573757 232
573884 99
573924 19
573936 7
574274 336
574297 1
574316 16
574372 54
574381 2
574418 36
574429 8
574440 8
574491 38
574509 16
574767 254
574822 45
575339 501
575356 14
575373 15
575394 19
575406 1
575527 110
575568 30
575570 1
575580 3
575595 5
575908 311
575923 11
575934 1
575945 1
575971 20
575984 6
575995 2
576006 3
576014 7
576107 92
576181 73
576289 102
576299 3
576303 2
576322 10
576384 59
576393 3
576427 23
576666 238
576678 2
577018 337
577025 3
577044 18
577465 417
577467 1
577580 104
577757 174
577768 2
577776 5
578151 370
578160 4
578548 387
578608 57
578634 25
580158 1521
580180 21
580222 16
580242 10
580822 574
580829 5
580835 3
580842 4
580939 94
581064 124
581106 41
581151 43
581162 2
581597 434
581603 3
581608 1
581671 60
581674 1
581717 42
581731 8
581841 108
581918 76
581922 1
581928 3
581933 1
582122 183
582150 27
582159 7
582227 67
582234 2
582413 178
582517 102
582810 284
582826 9
583229 399
583257 25
583388 129
583415 22
583428 10
583444 9
583462 11
583473 7
583478 1
583492 12
583553 57
583560 4
583565 4
583625 59
583634 6
583797 161
583800 1
583805 1
584096 269
584104 2
584106 1
584108 1
584267 157
584764 495
584923 158
584934 3
585054 119
585080 22
585421 333
585455 26
586361 904
586388 24
586395 1
586467 64
586775 299
586787 4
586908 118
586913 3
586925 5
587099 172
587175 75
587178 1
587867 688
588007 135
588109 98
588125 15
588273 144
588276 1
588286 6
588298 8
588306 2
588324 17
588423 96
588436 12
588469 29
588927 455
589223 290
589254 19
590013 757
590036 22
590061 20
590098 35
590273 174
590304 27
590316 5
590452 129
590460 3
590544 80
590552 7
590717 164
591194 474
591229 31
591243 12
591378 132
591518 138
591670 144
591703 32
591710 5
591722 2
591734 9
591942 205
591952 5
591970 14
591986 14
592143 156
592229 81
592273 38
592703 429
592730 23
592740 2
592852 91
593041 186
593076 24
593208 125
593217 2
593341 119
594024 668
594035 8
594038 1
594056 10
594062 2
594106 30
594170 63
594337 155
594492 149
594501 8
594507 1
594515 2
594522 1
594562 35
594596 12
594939 335
594944 2
595027 78
595063 29
595083 13
595110 22
595593 477
595622 22
595643 19
595714 67
595725 1
595740 14
595751 1
595893 136
595918 18
596564 631
596612 37
596621 3
596804 174
597141 335
597887 735
597896 5
598676 779
598700 20
599146 442
599259 109
599272 9
599278 4
599285 5
599294 4
599298 1
599474 175
599504 29
599521 5
600259 734
600286 22
600422 135
600436 1
600440 1
600667 226
600677 3
600693 8
600737 43
600793 50
600806 9
600837 29
600846 8
600865 4
601006 120
601020 8
601031 8
601036 2
601156 118
601248 90
601253 2
601458 202
601486 26
601500 1
601507 3
601518 5
601526 1
601684 156
601687 1
601759 71
601781 19
601817 34
601821 1
601903 79
601937 31
602264 325
602392 127
602409 14
602511 96
603094 581
603557 456
603564 1
603966 393
604028 57
604078 39
604143 61
604150 3
604301 148
604356 54
604378 21
604381 2
604466 82
604751 264
604756 3
604761 2
604772 6
604781 1
604920 137
605008 79
605106 92
605600 474
605625 16
605631 5
605637 1
605639 1
605668 3
606021 341
606031 5
606039 6
606058 18
606181 122
606193 6
606195 1
606197 1
606240 42
607103 860
607126 22
607378 233
607384 2
607895 507
607930 33
608004 73
608141 119
608143 1
608145 1
608636 490
608920 281
609119 185
609683 558
609711 18
609781 69
609815 30
609849 28
609861 1
609960 92
610206 245
610238 27
610366 122
610372 3
610376 1
610384 2
610389 3
610394 4
610401 1
610466 59
610474 1
610492 1
610504 7
610507 2
610512 2
610563 45
610662 94
610679 1
610693 11
610698 1
611335 628
611355 18
611368 6
611372 1
611378 2
611427 48
611584 150
611816 223
611821 1
611826 2
611844 6
611854 7
612068 207
612084 8
612093 7
612238 137
612311 67
612436 120
612503 65
612517 7
612527 1
612531 1
612540 3
612583 38
612646 62
612819 171
612858 38
612873 10
612931 57
613029 97
613124 76
613129 1
613431 301
613531 94
613660 127
613924 263
614018 86
614041 16
614085 41
614114 27
614252 136
614259 3
614293 3
614298 1
614521 220
615966 1442
615969 2
616170 200
616485 305
616515 15
616520 1
616769 245
617114 343
617135 20
617177 35
617189 1
617196 3
617203 1
617252 48
617704 451
617707 1
617718 1
617883 164
618068 183
618222 151
618233 10
618248 6
618260 8
618325 57
618329 2
618337 1
618379 33
618708 318
618915 206
619062 146
619561 485
619578 3
619589 1
619591 1
619601 3
619643 41
619684 33
619692 6
619861 166
619866 3
619898 17
619936 34
620101 161
620425 313
620486 59
620508 21
620564 52
620596 21
620622 23
620630 5
620689 51
620712 22
621226 510
621731 504
621739 4
621769 1
621924 149
621930 4
621994 49
622270 271
622326 55
622895 568
622989 92
622998 7
623004 1
623366 358
623698 331
623702 3
623755 49
623817 60
623891 64
624064 153
624370 305
624431 55
624442 9
624451 3
624612 152
624631 12
624650 18
624667 16
624690 20
624694 3
624725 28
624749 23
624762 2
624779 8
624814 30
625121 306
625326 197
625697 369
625710 1
625712 1
625842 129
625845 1
625855 6
625913 55
626062 144
626123 59
626136 5
626287 147
626292 4
626332 33
626344 1
626372 21
626377 2
626400 12
626605 201
626620 4
626625 1
626636 1
626773 133
626971 182
626988 14
626992 2
627017 20
627106 84
627160 50
627165 4
627167 1
627179 10
627489 308
627495 2
627500 2
627548 35
627576 13
627583 1
627689 104
627779 87
627883 97
628589 698
628648 34
628695 45
628701 2
628730 16
628747 15
628791 42
628819 21
628962 138
628964 1
628971 6
629073 98
629343 258
629437 87
629510 49
629519 7
629522 2
629573 43
629577 2
629582 1
629828 242
629867 36
629877 4
629895 14
629940 36
630331 386
630593 258
630601 7
630606 1
630611 3
631051 435
631333 281
631359 17
631365 1
631377 1
631388 1
631392 3
631906 513
631986 76
632024 37
632033 8
632164 127
632166 1
632169 2
632175 3
632605 427
632683 67
632728 43
632930 199
633123 191
633130 5
633144 12
633153 1
633159 1
633434 267
633490 55
633778 285
633799 15
633806 6
633899 89
634282 362
634925 634
635127 192
635157 29
635412 254
635847 431
636151 297
636259 103
636384 118
636386 1
636614 221
636789 170
636827 26
636833 1
636837 3
636891 48
636969 76
636999 26
637038 37
638166 1125
638174 3
638188 10
638282 90
639999 1716
640069 69
640198 123
640361 161
640841 476
641097 254
641154 56
641179 14
641236 56
641322 76
641338 8
641444 95
641571 121
641577 1
641639 53
641647 7
641652 3
641995 339
642000 1
642012 4
642148 133
642165 1
642174 2
642227 46
642332 96
642354 15
642359 3
642376 12
642388 5
642439 48
642613 170
642788 168
642795 5
642797 1
642818 3
642869 45
642871 1
642942 52
643115 165
643192 76
643276 83
643279 2
643289 2
643466 176
643475 1
643491 8
643495 1
643506 6
643510 3
643652 114
643714 57
643720 2
643726 3
643768 31
643810 32
643916 102
644286 367
644292 1
644835 540
646230 1391
646241 1
646851 601
647101 245
647104 1
647212 106
647218 1
647222 1
647234 7
647265 16
647272 1
647283 1
647642 352
647764 119
648587 804
648618 26
648664 41
648695 30
648893 195
648949 43
648961 10
648967 1
649132 159
649172 39
649180 4
649215 33
649325 101
649359 32
649606 244
649621 4
649653 25
649659 5
649700 25
649756 52
649766 2
649772 1
649826 47
650020 188
650492 468
650507 10
650551 38
650558 1
650590 29
650615 6
650637 20
651239 599
652224 984
652243 15
652255 10
652452 195
652533 79
652585 51
652634 22
652807 172
652901 84
652928 18
653936 1005
654186 248
654188 1
654493 304
654504 2
654517 3
654574 55
654621 46
654885 262
655091 172
655096 1
655387 279
655434 45
655464 20
655539 74
655588 48
655952 360
655957 2
655965 7
655983 3
655989 1
655991 1
656163 171
656249 81
656598 339
656620 2
656815 192
656960 141
656973 8
657099 125
657122 22
657634 511
657653 15
657737 81
657742 1
657784 40
658021 233
658027 1
658434 405
658762 326
658769 3
658809 39
658845 34
658862 16
658880 10
658928 38
658942 13
659385 438
659474 83
659478 2
659491 12
659496 2
659503 6
660100 591
660123 9
660127 1
660320 190
660325 1
660388 51
660391 1
660490 90
660511 19
660515 1
660548 18
661074 525
661157 77
661171 6
661316 141
661322 2
661432 107
661471 38
661740 248
661870 116
661940 65
661947 6
662249 290
662302 49
662321 5
662582 247
662660 72
662976 311
663022 45
663245 214
663255 1
663430 165
663933 502
663936 1
664090 151
664202 109
664250 39
664260 9
664268 4
664282 3
664363 78
664376 11
664392 11
664402 2
664468 64
664850 377
664852 1
665101 241
665125 23
665201 70
665207 2
665217 6
665300 73
665397 94
665473 75
665481 2
665826 341
665829 1
666154 319
666179 22
666182 2
666196 8
666250 38
666478 226
666483 2
666593 98
666747 153
667165 408
667301 131
667363 53
667407 42
667417 2
667426 7
667595 165
667598 1
667764 164
667775 10
667780 2
668791 1005
668796 1
668978 178
668988 3
669214 223
669224 8
669230 1
669266 32
669284 14
669495 209
669500 3
670053 550
670163 108
670300 133
670329 24
670560 221
670577 4
670592 7
670935 341
671082 145
671187 94
671197 7
671243 45
671248 1
671550 287
671552 1
671555 2
671592 36
671641 41
671644 2
671952 307
672017 59
672019 1
672157 131
672173 9
672238 60
672345 106
672368 20
672374 2
672670 289
672786 102
672797 1
672805 1
672827 16
672853 23
672869 14
673220 348
673224 2
673478 238
673495 16
673543 42
673856 306
673864 4
673988 118
673992 3
674019 18
674030 6
674039 7
674415 370
674618 201
674626 1
674673 46
674684 2
674721 30
674737 12
674803 57
675128 321
675151 12
675208 56
675215 1
675228 6
675236 1
675287 44
675306 6
675330 20
675438 107
675749 310
676040 289
676224 182
676234 7
676254 12
676256 1
676347 78
676847 487
676858 5
677063 201
677203 139
677289 78
677399 107
677553 153
677571 15
677573 1
677608 33
677618 6
677620 1
677944 320
678249 302
678346 93
678357 9
678402 33
678452 41
678463 7
678466 1
678482 12
678496 12
678499 1
678503 1
678533 21
678578 37
678731 149
678872 138
678884 11
679028 133
679048 15
679171 119
679175 1
679198 20
679726 524
679940 207
679976 35
679990 1
680271 278
680273 1
680696 417
680782 83
680799 3
681255 443
681483 223
681497 7
681791 291
681881 87
682531 647
682550 2
683150 590
683158 3
683497 331
683619 121
683625 5
683854 224
683875 16
683890 10
683900 1
683945 35
684113 166
684301 180
684304 1
684323 7
684484 160
684491 5
684604 109
684638 29
684649 1
684687 31
684830 137
684837 5
684848 4
684975 120
685216 235
685233 2
685272 12
685305 22
685537 225
685749 211
685758 6
685769 7
685782 5
685814 31
685827 1
685830 1
685917 82
685931 4
685937 1
686094 145
686185 88
686248 62
686358 104
686374 13
686383 1
686400 13
686565 158
686568 2
686571 1
686666 83
687162 486
687175 12
687355 176
687435 60
687493 48
687518 13
687781 261
687817 30
687926 107
688060 133
688074 12
688091 9
688100 5
688111 2
688195 83
688366 168
688411 44
688512 98
688521 5
688660 136
688960 292
689345 382
689350 2
689364 11
689382 17
689418 28
689427 8
689441 11
689576 132
690824 1236
690828 2
690832 1
691045 212
691394 344
691396 1
691417 9
691454 36
691458 3
691610 150
691619 2
691656 34
691724 66
691751 26
692080 328
692094 9
692200 98
692206 3
692541 334
692569 23
692625 55
692654 14
692673 13
692903 225
692922 18
693055 128
693446 389
693519 71
693529 9
693581 2
693599 1
693611 2
693614 2
693630 1
693808 167
693834 25
693854 15
694245 389
694248 1
694260 10
694282 14
694428 133
694707 263
694715 1
694809 93
695081 269
695143 58
695245 97
695336 87
695502 165
695711 202
695713 1
695721 1
695734 12
695939 196
696709 768
696737 21
696767 23
696799 30
696809 5
696907 91
696931 22
697089 157
697106 6
697154 47
697170 11
697204 33
697216 7
697223 2
697270 39
697280 1
697346 62
697353 2
697366 1
697370 3
697386 14
697408 19
697627 215
697636 1
697756 113
697769 12
697846 71
697856 5
697997 131
698035 34
698139 102
698151 8
698239 85
698433 192
698487 34
698516 28
698989 471
698992 2
699334 339
699340 5
699376 35
699474 95
699490 2
699985 493
700285 296
700294 6
700564 267
700602 37
700616 7
700631 12
700789 153
700794 1
701089 282
701364 257
701486 114
701493 3
701509 14
701540 25
701553 4
701598 43
701642 30
701820 168
701839 17
701858 17
701863 1
701866 1
701889 15
701945 47
701967 21
702202 233
702275 72
702300 1
702313 12
702648 324
702691 36
702782 81
702838 44
702912 62
702927 2
702980 52
703476 479
703610 129
703773 158
703779 1
703793 10
703900 103
703971 69
704269 285
704275 1
704362 75
704371 2
704385 8
704550 163
704567 16
704584 11
704591 1
704607 2
704665 56
704673 5
704694 18
704765 69
704779 8
704823 41
704840 11
704848 1
704865 12
704888 17
704921 23
704927 4
704936 8
705112 169
705331 217
705761 423
705782 6
705787 1
705792 1
706287 488
706324 27
706580 248
706894 307
706935 32
706975 28
706998 20
707029 23
707035 1
707040 3
707187 143
707212 16
707406 188
707597 188
707630 19
707649 1
708255 603
708697 440
709010 311
709073 62
709443 369
709671 225
709944 271
709963 17
710093 126
710099 3
710114 11
710126 1
710145 14
710154 3
710157 2
710273 106
710285 10
710287 1
710315 27
710467 151
710807 335
710819 5
710823 2
710883 54
711041 151
711305 259
711964 658
712192 227
712932 736
712959 25
712970 1
712978 6
712982 1
713409 425
713419 5
713474 49
713478 2
713892 413
713972 76
713984 6
714110 121
714129 1
714166 35
714236 69
714529 290
714655 121
714675 17
714678 1
714680 1
715087 397
715139 43
715327 186
715527 193
715548 5
716060 503
716489 426
716962 471
716966 1
716989 19
716991 1
717046 52
717069 21
717344 272
717361 12
717382 7
717402 7
717589 185
717658 68
717833 172
717837 2
717845 7
718225 376
718279 48
718358 77
718370 1
718490 117
718498 1
718500 1
718511 5
718519 6
718528 7
718554 24
718565 8
718577 3
718586 3
718608 21
718644 30
718900 248
718925 21
718936 2
718940 1
718952 4
718955 2
718984 26
718993 5
719180 172
719218 34
719394 174
719891 494
719920 28
719944 15
719953 5
719985 25
719994 4
720032 35
720379 343
720391 1
720419 9
720476 53
720530 45
720558 26
720918 357
720929 10
720963 27
721002 33
721026 20
721049 20
721106 54
721130 15
721135 1
721206 67
721210 2
721213 2
721262 43
721267 1
721333 44
721364 27
721377 2
721390 11
721664 270
721675 8
721678 2
722233 552
722705 466
722715 9
722719 2
722734 9
722992 250
723036 40
723046 5
723065 3
723493 422
724389 889
724393 3
724438 38
724445 3
724453 5
724466 1
725271 803
725517 244
725568 50
725602 25
725611 8
725643 1
725665 20
725670 1
725851 177
725855 1
725885 24
725891 5
725898 2
725902 1
725922 12
725946 9
726078 127
726120 39
726482 360
727048 558
727070 2
727101 29
727117 14
727139 3
727141 1
727173 29
727182 5
727497 306
727503 1
727548 42
727719 167
727841 121
727920 75
728016 95
728029 9
728062 11
728140 61
728143 1
728258 105
728270 11
728491 210
728514 17
728517 1
728535 12
728545 8
728940 391
728994 48
728998 2
729001 2
729341 312
729376 27
729381 2
729531 146
729533 1
729675 139
729730 53
729739 1
729744 4
729771 26
729862 90
729952 75
730614 660
730621 4
731161 539
731411 249
731547 135
731554 4
731586 26
731606 19
731622 4
731626 1
731644 17
731672 23
731677 1
731689 1
731731 40
731860 125
731883 18
731886 2
731945 56
731952 3
731963 3
732044 75
732146 96
732548 397
732557 2
732768 207
732784 15
732792 2
732800 7
732866 65
732880 12
732882 1
732947 57
732977 26
733405 402
733793 377
734040 240
734077 34
734086 3
734088 1
734112 2
734231 116
734497 263
734501 2
734526 16
734745 217
734747 1
734749 1
735047 297
735056 1
735083 11
735554 468
735679 118
735945 265
735989 43
736098 106
736131 27
736204 65
736213 8
736219 5
736230 1
736238 7
736265 25
736432 163
736434 1
737503 1066
737592 85
737881 277
737911 24
737929 13
738086 150
738114 14
738117 1
738192 74
738201 7
738304 80
738318 4
738374 46
738770 385
739049 257
739113 58
739547 431
739550 1
740757 1206
740762 2
740916 153
742295 1370
742339 40
742351 10
742974 620
742980 1
743060 73
743255 190
743641 384
743645 1
743669 18
743827 157
743833 5
743945 110
744202 253
744214 4
744258 36
744261 1
744295 1
744367 71
744900 531
744915 2
744936 15
744959 6
744973 13
745088 114
745292 202
745304 5
745339 32
745356 16
745455 91
745464 7
745467 1
745474 2
745500 17
745716 214
745728 2
745732 1
745783 49
745818 31
745852 15
745859 3
745862 1
746168 297
746265 78
746280 5
746378 94
746451 56
746457 3
746583 119
746608 23
746634 12
746910 267
747092 165
747235 129
747382 141
747390 6
747392 1
747440 33
747504 52
747531 13
747855 316
747902 46
747961 57
747978 15
747996 9
748073 63
748076 2
748081 3
748086 1
748173 86
748216 42
748250 33
748258 7
748263 2
748278 12
748434 154
748554 112
748676 115
748683 1
748694 8
748700 3
748861 160
748868 6
748907 35
748914 1
748917 2
748950 11
748972 2
749072 85
749105 30
749124 9
749135 10
749141 5
749674 530
749744 68
749839 93
749852 3
749862 4
749877 1
749886 7
749889 1
749960 69
750269 306
750285 15
750526 225
750534 1
750542 5
751496 953
751515 9
751727 211
751734 6
751737 2
751883 143
752216 326
752286 64
752290 1
752476 178
752493 8
752761 257
752765 1
752871 101
752879 6
752891 8
752899 1
752984 82
752992 1
753473 476
753627 153
753666 32
753774 97
753778 2
753842 63
753877 27
753885 6
754346 458
754349 2
754374 22
754399 24
754419 11
754445 21
754596 149
754624 6
754629 4
755210 571
755227 3
755239 11
755279 35
755284 2
755318 28
755341 13
755794 443
755839 44
755891 39
756134 242
756144 4
756165 2
756172 5
756236 55
756490 251
756584 91
756597 9
756754 153
756774 11
756786 4
757305 516
757309 2
757594 284
757637 38
757780 140
757811 24
757838 24
757948 109
757958 7
758078 115
758085 5
758092 2
758171 76
758243 60
758257 1
758884 626
759210 325
759240 29
759974 733
759988 2
759994 1
760298 298
760301 1
760587 283
760913 323
761154 234
761217 62
761235 16
761242 4
761469 218
761648 175
761807 146
761817 9
761824 6
761850 22
761927 60
762272 343
762278 4
762282 1
762287 2
762318 27
762352 32
762447 88
762475 25
762570 94
762635 54
762638 1
762641 1
762902 256
762951 41
762964 12
763016 35
763318 298
763429 94
763433 2
763453 2
763482 9
763486 1
763539 46
763668 113
763684 2
764096 410
764162 42
764188 24
764253 64
764255 1
764270 10
764340 62
764859 518
765801 937
765876 64
766011 114
766195 174
766204 4
766207 2
766279 67
766324 44
766339 9
766407 66
766555 146
766635 77
766642 1
766692 46
766717 22
767038 318
767168 122
767199 30
767203 3
767220 16
767236 7
767240 3
767452 201
767456 1
767460 1
767587 121
767604 13
767636 17
767649 10
767820 162
767832 4
767855 5
767858 1
767860 1
767894 31
767957 62
767974 10
768015 36
768130 106
768499 368
768517 11
768526 4
768757 228
768785 26
768787 1
768804 1
769111 303
769898 782
769959 60
769962 2
770019 55
770028 1
770040 9
770183 133
770185 1
770200 14
770206 3
770283 76
770579 295
770590 6
770609 2
770703 88
770714 1
770744 26
770750 1
770755 1
770766 10
770773 1
770785 8
770863 73
770922 50
770926 1
770931 2
771091 122
771125 31
771154 27
771157 2
771316 153
771339 19
771416 75
771436 14
771640 194
771647 1
771722 74
771726 1
771847 111
771850 1
771858 6
771886 26
771888 1
772034 144
772041 1
772101 57
772420 318
772469 43
772474 1
772483 3
772749 255
772757 3
772761 1
772816 51
772826 5
772829 1
772851 20
772872 19
773465 590
773672 203
774577 903
774753 157
774796 42
775030 232
775189 144
775208 1
775229 20
775239 3
775260 14
775345 83
775545 199
775643 95
775989 339
776017 21
776028 2
776044 6
776060 7
776101 37
776114 7
776366 251
776445 71
776604 156
776644 38
776652 3
776660 6
777058 397
777365 305
777382 5
777498 101
777527 28
777545 7
777550 1
777703 152
777736 24
777780 43
777794 11
777867 70
777874 4
777883 1
777918 34
777936 7
778038 96
778100 57
778106 3
778205 96
778215 1
778260 39
778271 8
778317 42
778580 262
778604 21
778621 1
778753 131
778772 15
778820 39
779371 544
779679 301
779681 1
779718 34
779772 51
779829 45
779843 13
780324 480
780375 50
780660 277
780669 6
780687 14
781081 392
781088 2
781203 114
781208 1
781225 16
781791 564
782051 256
782055 1
782057 1
782060 1
782144 62
782313 168
782886 571
782970 82
782975 3
782981 3
783091 106
783413 314
783835 411
784073 236
784109 30
784129 19
784133 1
784143 1
784181 34
784184 1
784211 21
784213 1
784272 55
784341 67
784343 1
784368 24
784389 10
784674 284
784685 3
784710 24
784716 1
784784 65
785027 234
785255 227
785335 55
785349 1
785356 6
785364 3
785443 70
785631 187
785693 60
785774 78
785800 24
786051 245
786067 7
786082 2
786119 31
786130 8
786173 37
786212 32
786217 1
786238 6
786388 149
786400 11
786461 58
786795 330
786797 1
786799 1
786810 1
786820 9
786923 100
786986 57
786992 2
786995 1
787148 150
787256 106
787351 92
787507 138
787960 451
787981 11
787994 8
788003 1
788208 202
788213 1
788436 222
788551 109
788901 343
788922 15
788978 49
789172 193
789192 12
789208 9
789226 1
789241 3
789268 15
789408 135
789418 5
789425 5
789787 353
789790 1
789841 49
789978 129
790048 59
790138 89
790393 230
790421 23
790470 41
790502 21
790543 40
790886 341
790890 1
790995 104
791027 24
791159 123
791696 528
792003 304
792008 1
792190 180
792221 1
792693 467
792730 23
792769 30
792771 1
792776 2
792784 1
792811 15
792860 39
792954 93
793009 48
793544 528
793614 63
793623 3
793635 9
793725 89
794448 722
794465 11
794501 34
794516 2
794526 7
794533 1
794536 2
794539 1
795028 477
795098 67
795106 2
795390 282
795395 1
795417 14
795711 291
795713 1
796086 369
796144 55
796169 3
796181 4
796186 3
796211 22
796224 2
796239 1
796243 3
796261 10
796267 1
796547 275
796557 8
796705 145
796762 53
796858 93
796862 1
796947 78
796963 13
797002 37
797006 1
797066 53
797508 440
797542 33
797644 97
797651 6
797871 197
798304 428
798402 92
798411 6
798430 10
798441 8
798619 174
798667 46
798780 102
799011 228
799022 9
799029 6
799632 601
799681 39
799684 1
799864 176
799871 2
799883 1
799919 18
800074 152
800080 1
800097 11
800230 132
800287 53
800404 115
800415 2
800418 1
800532 113
800542 5
800580 32
800584 2
800719 133
800811 68
800815 1
801071 250
801078 5
801081 1
801093 2
801128 31
801143 14
801505 355
801686 179
801809 108
801822 12
802260 437
802563 299
802611 47
802847 233
802850 1
802852 1
802857 2
802931 71
802935 1
802981 39
803245 256
803263 14
803534 266
803899 362
803915 14
803930 14
804001 66
804009 1
804023 13
804027 2
804422 384
804427 2
804486 58
804998 511
805023 11
805206 175
805227 12
806109 879
806121 10
806123 1
806131 6
806446 313
806655 208
806791 127
806795 1
806805 6
806808 2
806870 61
806894 8
806901 2
806954 36
807017 59
807031 9
807332 298
807368 35
807372 2
807505 126
807510 1
807652 139
807673 16
807773 90
807784 4
807808 16
807821 3
808081 259
808094 1
808113 15
808216 95
808247 24
808308 58
808779 470
809015 230
809032 8
809057 23
809091 33
809268 163
809714 439
809725 1
809761 34
809790 15
810001 206
810015 1
810283 265
810307 13
810323 13
810344 17
810625 273
810645 4
810769 117
810771 1
810778 4
810790 10
811141 349
811145 1
811153 7
811157 1
811212 52
811257 36
811696 430
811707 5
811724 15
811795 63
812015 216
812729 712
812967 229
812980 10
813008 26
813037 28
813187 143
813226 31
813230 1
813236 3
813347 110
813370 20
813429 58
813436 6
813492 41
813670 168
813679 7
813698 13
813741 40
813753 4
814088 334
814135 45
814150 3
814162 10
814164 1
814188 7
814194 5
814216 20
814272 55
814486 199
814511 13
814572 57
814581 3
814623 39
815001 375
815067 63
815070 1
815089 17
815116 19
815184 56
815429 243
815464 24
815467 1
815479 11
815630 149
815648 16
815655 5
815667 6
815698 27
815704 5
815757 48
815920 156
815958 36
815974 14
816149 170
816159 6
816162 1
816706 533
816763 56
817470 702
817481 5
817614 110
817627 10
818048 416
818126 70
818294 158
818360 64
818382 17
818392 9
818777 383
819146 363
819229 76
820283 1050
820289 5
820517 225
820527 6
820544 16
820591 44
820596 2
820637 30
820641 1
820655 8
821327 669
821345 10
821496 147
821614 110
821627 6
821797 169
821812 11
821822 6
821857 33
822104 244
822119 14
822214 94
822218 1
822265 43
822272 1
822298 25
822301 2
822307 1
822389 67
822391 1
822693 300
822713 16
822724 6
822728 1
822732 1
822753 14
822856 86
823016 137
823027 5
823030 2
823038 4
823041 1
823109 64
823118 1
823178 54
823209 23
823318 100
823338 15
823347 5
823376 22
823408 22
823412 2
823439 17
823498 41
823596 96
823604 7
823626 2
823632 5
823715 82
823780 57
823792 3
823799 5
823880 80
823887 1
824128 236
824164 29
824173 6
824501 322
824920 417
825093 169
825154 49
825165 1
825190 21
825305 114
825958 651
826232 270
826282 43
826308 3
826312 3
826315 2
826333 13
826356 13
827089 727
827135 42
827338 197
827465 125
828259 791
828384 122
828495 110
828579 72
829590 1001
829614 5
829768 132
829782 11
829897 113
829901 1
829955 50
829972 3
829980 1
830220 226
830224 1
830516 274
830523 6
830643 117
830675 27
830709 29
830717 3
831082 361
831249 164
831517 260
831527 6
832150 614
832158 2
832612 445
832639 21
832641 1
832672 11
833055 376
833065 3
833174 108
833198 13
833259 57
833367 105
833373 1
833385 11
833450 61
833991 540
834010 7
834210 192
834232 18
834412 173
834524 108
834534 8
834598 59
834610 1
834646 32
834695 45
834785 85
834788 2
834974 182
835067 90
835575 494
835600 11
835700 94
836216 509
836341 123
836362 9
836811 441
836859 42
837217 353
837259 36
837369 94
837567 194
837573 3
837582 8
837634 42
837647 10
837651 1
837660 7
837752 90
837771 17
837782 7
837796 6
837811 1
837818 6
837822 2
837862 37
837930 50
838705 762
838711 1
838725 2
838788 61
838945 145
839047 93
839051 3
839082 15
839084 1
839815 722
839830 13
839841 3
839890 46
839897 4
839955 45
839974 11
839994 19
840014 19
840142 125
840155 6
840437 272
840532 94
840539 4
840620 79
840632 6
840647 8
840675 16
840892 216
840904 11
841451 537
841456 4
841490 10
841492 1
841927 431
841966 37
841988 10
842040 51
842048 6
842051 1
842069 10
842291 221
842479 177
842562 75
842571 1
842592 13
842698 90
842737 35
842771 29
842785 4
842788 1
842871 79
842879 3
842905 22
843139 231
843226 86
843354 107
843559 203
843796 236
844174 371
844176 1
844319 136
844919 594
844946 13
845206 259
845348 140
845382 28
845386 2
845566 178
845580 4
845583 2
845585 1
845857 267
845864 5
846001 133
846004 1
846008 1
846110 88
846142 4
846284 140
846316 19
846365 44
846371 5
846497 110
847294 795
847296 1
847313 15
847842 525
847922 79
848138 207
848174 22
848180 2
848279 89
848301 19
848336 30
848646 309
848856 204
848871 6
848923 45
849246 321
849249 1
849263 1
849272 2
849371 96
849401 24
849659 239
849666 5
849724 57
849825 97
849852 18
849881 27
849895 8
849902 4
849925 12
850445 519
851020 572
851229 207
851344 113
851587 238
851612 22
851614 1
851621 3
851638 10
851648 8
851654 3
852322 665
852508 182
852698 189
852711 8
852713 1
852832 118
852863 28
852949 83
852977 26
853447 469
853453 3
853462 1
853545 43
853854 305
854076 220
854758 680
854810 39
854941 127
854943 1
855024 76
855109 83
855307 185
855437 124
855508 65
855604 92
855612 5
855638 18
855643 1
855648 2
855676 25
855996 318
857049 1044
857070 17
857152 72
857235 56
857244 1
857265 19
857304 34
857476 169
857708 230
857714 3
857940 223
857951 5
858060 107
858070 8
858078 1
858112 30
858121 1
858215 90
858430 193
858433 1
858440 5
858505 53
858578 71
858597 16
859084 481
859122 36
859128 1
859314 182
859324 9
859553 227
859560 1
859653 86
860155 495
860738 575
860743 3
860748 1
860750 1
860798 29
860874 73
860881 1
861177 280
861205 19
861285 78
861722 433
861751 27
861764 8
861793 27
861823 25
861826 1
861837 6
861843 1
861848 1
861868 1
861909 29
862093 174
862197 101
862242 34
862402 157
862405 1
862514 105
862831 314
862875 39
862884 3
863339 453
863361 13
863363 1
863372 8
863376 1
863446 63
863449 1
863598 145
863613 14
863616 1
863733 107
863742 7
863782 35
863889 105
863902 10
863904 1
864026 121
864039 2
864043 1
864364 316
864476 110
864510 25
864535 19
864547 5
864686 137
864691 2
864696 1
864709 1
864736 25
864769 31
864995 224
865035 38
865572 536
865778 191
865788 1
865938 139
865950 9
865952 1
865965 5
866113 145
866130 9
866159 28
866170 9
866193 21
867273 1079
867323 39
867449 120
867896 440
867963 60
868024 55
868559 530
868731 171
869609 877
869616 5
869903 282
870079 167
870140 60
870152 1
870359 204
870933 570
871109 168
871152 40
871154 1
871184 26
871328 142
871425 83
871505 79
871554 47
871559 4
871577 16
871594 3
871615 17
871621 5
871931 307
872067 135
872077 7
872105 19
872117 5
872132 4
872205 66
872251 44
872272 15
872366 90
872516 141
872533 7
872544 9
872547 1
872563 6
872646 80
872682 29
872790 106
872806 6
872811 1
872866 48
872879 6
873030 145
873053 22
873059 1
873070 8
873076 1
873083 2
873178 86
873202 3
873436 222
873552 113
873799 244
873804 2
873885 79
873903 10
873907 2
873918 6
874013 94
874068 44
874156 82
874175 9
874257 69
874262 2
874267 1
874280 9
874339 54
874363 18
874368 2
874378 4
874397 12
874494 96
874503 8
874520 15
874524 2
874541 7
874590 47
874650 47
874960 308
875011 36
875018 3
875027 1
875034 1
875441 406
876361 919
876594 222
876707 103
876716 4
876743 18
876830 81
876835 2
877577 735
877579 1
877597 16
877636 36
877640 2
877644 1
877650 1
878118 465
878249 106
878599 346
878704 103
878724 13
878843 115
878859 5
878904 41
878906 1
878922 8
878924 1
878942 6
878947 4
879034 85
879084 34
879120 17
879146 22
879153 2
879251 96
879346 92
879355 1
879586 229
879594 5
879603 6
879609 1
879791 181
880749 952
880765 15
880791 15
880797 2
880806 4
880811 1
880877 59
880898 20
880974 67
880988 1
881012 13
881080 62
881082 1
881087 2
881093 4
881237 143
881651 403
881740 84
881810 59
881836 11
881847 7
881862 14
882562 697
882564 1
882569 1
882606 36
882631 9
883041 405
883565 519
883624 54
883649 1
883707 47
883799 90
883804 1
883825 19
883909 83
883925 15
883932 1
884308 373
884311 1
884495 182
884504 7
885154 643
885205 50
885211 3
885580 365
885597 16
886109 510
886119 9
886538 416
886575 29
886615 39
886630 2
886650 8
886676 6
886685 8
886791 70
886799 3
886807 1
886818 8
886840 20
886843 1
886865 16
886977 104
887210 227
887216 4
887229 7
887325 89
887332 6
887456 122
887563 101
887618 53
887625 4
887657 24
887659 1
887826 163
887975 147
888044 67
888152 101
888195 25
888207 10
888457 244
888460 2
888751 289
888760 4
888924 160
888954 28
888987 31
889556 566
889578 18
889601 17
889858 256
890322 460
890347 21
890355 2
890403 42
890826 415
890880 52
890883 1
891076 192
891425 344
891431 5
891624 177
891663 37
891807 143
891888 76
892184 294
892231 46
892239 6
892245 4
892270 23
892273 2
892409 132
892416 3
892469 49
892478 1
892486 6
892493 6
892504 2
892562 54
892573 1
892721 147
892726 3
892729 2
892752 16
892973 216
893012 22
893046 33
893491 442
893496 3
893498 1
893560 55
893679 116
893940 257
893950 7
893961 5
894185 221
894253 64
894294 38
894302 3
894305 1
894317 9
894324 4
894329 1
894336 4
894357 4
894397 31
894641 232
894666 2
894764 92
894776 9
894918 141
894953 31
894966 8
894969 2
895115 145
895140 16
895164 18
895172 3
895342 161
895518 169
895597 68
896110 507
896267 154
896275 1
896277 1
896280 1
896346 60
896490 140
896501 5
896644 134
897148 501
897150 1
897314 160
897329 11
897363 19
897369 2
897397 26
897551 149
897627 75
897686 56
897721 1
898558 827
898564 1
898569 2
899345 764
899384 37
899695 308
899860 160
899917 56
899919 1
899947 27
900039 91
900041 1
900200 151
900205 1
900232 19
900238 5
900244 5
900463 214
900484 18
900948 463
900965 7
900979 5
901000 17
901078 55
901405 315
901415 3
901431 13
901441 1
901887 445
902065 176
902070 1
902176 103
902255 78
902321 65
902323 1
902349 20
902417 47
902625 206
902809 179
902930 119
902970 39
903359 385
903603 243
903864 260
903877 3
903885 5
903891 2
903924 32
904175 249
904477 300
904551 73
904671 118
904952 277
904962 2
904985 4
906659 1662
906687 26
907617 927
907623 1
907648 23
907707 58
907831 118
907835 2
907897 43
907928 30
908294 342
908401 94
908413 10
908422 2
908431 8
908578 145
908607 21
908611 1
908827 213
908852 21
909173 308
909183 1
909186 1
909189 1
909320 126
909328 1
909969 639
909972 1
910116 138
910141 24
910246 103
910584 337
910628 40
910650 14
910682 19
910685 2
910822 131
910870 47
910885 9
911217 326
911223 5
911232 7
911240 6
911244 1
911253 7
911255 1
911601 345
911629 25
911668 33
911691 12
912258 564
912271 10
912317 35
912643 325
912647 3
912665 17
912697 31
912956 256
913076 119
913080 1
913093 6
913103 6
913115 7
913632 516
913727 92
913780 51
913789 2
913800 10
914284 482
914490 202
914532 33
914534 1
914754 218
914877 115
914889 6
914909 13
914918 4
914925 5
915120 191
915134 13
915343 205
915400 56
915413 11
915442 27
915594 149
915632 37
915636 3
915658 8
916267 608
916376 107
916619 242
916638 3
916650 9
916773 122
916787 10
916800 6
916809 8
916880 63
916907 20
916977 68
917002 22
917025 14
917032 2
917037 4
917130 92
917395 261
917444 41
917446 1
917831 380
917916 83
917997 80
918019 14
918056 36
918073 15
918098 20
918167 65
918169 1
918180 10
918184 1
918381 187
918384 2
918392 5
918403 6
918470 63
918484 6
918762 266
918765 2
918817 50
918861 40
918882 10
918886 1
918971 72
918973 1
919003 28
919393 381
919400 4
919422 19
919441 8
919457 1
919519 60
919617 92
919627 6
919934 300
920910 974
920915 1
920922 2
920966 32
921100 131
921110 2
921136 22
921142 1
921560 408
921575 10
921583 3
921619 25
921641 20
921790 136
921801 3
921819 13
921857 37
921862 2
921894 23
921908 9
921928 11
921933 3
922116 182
922125 7
922135 1
922144 1
922150 1
922269 118
922273 1
922453 166
922484 26
922747 258
922757 8
923171 413
923185 5
923307 119
923485 177
923800 311
923803 1
923839 33
923872 24
923888 15
923899 8
923903 1
923905 1
924320 413
924324 2
924352 27
924363 8
924400 35
925360 958
925421 59
925448 26
925452 1
925461 1
925469 7
925605 127
925880 266
925900 16
926383 474
926388 2
926426 35
926522 94
926820 297
926906 82
927385 476
927665 278
927707 39
927718 8
927897 171
927943 43
927945 1
928019 71
928065 36
928074 3
928094 10
928103 1
928115 8
928149 20
928155 1
928184 21
928751 559
928756 1
928774 15
929509 732
929518 4
929936 414
930190 243
930207 13
930232 23
930237 1
930244 2
930246 1
930250 1
930361 109
930534 168
930537 1
930606 61
931184 574
931190 1
931194 3
931203 8
931886 676
931916 15
931926 7
931989 61
932002 1
932016 2
932029 10
932050 10
932068 10
932085 2
932091 3
932119 27
932209 85
932454 239
932492 37
933195 696
933205 9
933583 376
934072 487
934076 1
934080 1
934128 44
934181 48
934185 3
934343 157
934513 167
934647 131
934762 110
934870 101
935021 142
935381 352
935453 62
935580 121
935595 13
935598 1
935637 38
935814 172
935825 1
935834 1
935853 12
935866 10
935879 7
936034 150
936040 1
936132 86
936159 15
936177 16
936428 242
936635 199
936643 2
936648 1
936660 10
936666 5
936695 25
936708 12
936714 1
936720 4
936907 186
936928 12
936939 1
936995 47
937345 348
937593 243
937601 3
937776 172
937789 4
937806 13
937975 167
938375 399
938600 219
938690 85
938867 166
939020 150
939491 463
939667 172
939675 6
939701 22
939877 170
940342 448
940352 5
940357 1
940368 10
940444 54
940819 368
940865 45
940893 27
940904 1
940919 5
941048 124
941208 158
941213 2
941222 1
941269 46
941276 4
941285 6
941309 23
941551 237
941883 324
942052 167
942258 200
942350 91
942355 2
942409 51
942481 61
942549 61
942638 67
942657 17
942913 237
943053 130
943081 20
943125 41
943153 24
943167 9
943216 48
943249 26
943270 5
943336 55
943412 73
943424 9
943455 23
943865 392
943886 15
943894 7
944108 207
944117 1
944119 1
944215 95
944251 26
944257 2
944388 130
944458 67
944598 137
944601 1
944958 352
944960 1
945181 218
945570 384
945586 5
945600 4
945622 18
945643 20
945992 341
946653 660
947285 627
947296 1
947302 1
947362 59
947364 1
947435 70
947455 18
947511 53
947639 124
947650 7
947687 36
947958 267
948148 188
948156 2
948185 26
948191 5
948263 68
948297 26
948301 1
948304 1
948653 337
948707 48
948720 2
948723 2
948834 107
948842 2
948872 29
948932 50
949224 291
949236 7
949265 27
949277 3
949299 15
949312 7
949375 61
949399 19
949532 127
949537 1
949596 57
949798 200
949812 13
949995 181
950109 111
950125 13
950144 15
950245 93
950250 3
950345 94
950497 150
950785 284
950795 8
950936 134
950962 25
951394 420
951684 288
951690 3
951704 13
951719 14
951746 25
951762 9
951807 44
951901 91
951905 1
952685 776
952700 2
952713 9
952837 119
952852 3
952858 5
952938 76
953253 308
953299 43
953732 422
953741 7
953761 14
954652 887
955075 413
955777 700
955835 53
955843 4
956189 344
956206 6
956221 12
956225 1
956233 1
956795 547
956975 177
957350 372
957421 57
957641 211
957648 4
957652 1
957775 122
957777 1
957803 22
957808 3
957840 28
957849 1
957851 1
958179 323
958187 6
958210 9
958249 37
958263 10
958294 30
958705 407
958710 2
958746 34
958959 209
958966 5
959016 49
959138 120
959149 7
959349 199
959367 13
959452 84
959562 101
959820 252
960231 409
960263 20
960430 161
960460 29
960469 3
960492 17
960504 1
960522 11
960756 232
960772 13
960827 51
961129 301
961509 378
961562 33
961571 8
961584 1
961749 163
961756 1
962229 472
962300 54
962330 29
962378 44
963022 643
963030 1
963035 3
963040 4
963044 1
963117 60
963336 216
963548 205
963816 255
963823 3
963854 30
964476 620
964601 109
964606 2
964674 66
964767 91
965005 235
965011 4
965029 16
965031 1
965038 3
965067 25
965092 20
965112 15
965155 38
965217 61
965231 10
965322 84
965332 1
965340 6
965356 4
965412 55
965431 7
965438 4
965574 135
965606 21
965990 380
966052 61
966105 45
966111 2
966172 59
966514 341
966517 2
966534 9
966556 20
966566 6
966668 101
966677 4
966758 79
966787 21
966819 22
966846 24
967045 194
967050 2
967056 2
967405 344
967413 5
967445 29
968161 710
968176 8
968241 63
968263 15
968588 320
968605 13
968630 23
968804 172
968811 1
968815 3
968827 11
968853 15
968896 36
968902 5
968917 11
968948 30
968980 25
969360 366
969473 104
969895 403
969943 47
969991 42
970035 43
970362 323
970401 38
970569 164
971058 485
971598 536
971606 2
971623 9
972298 674
972428 125
972439 1
972451 8
972461 2
972659 189
972807 147
972809 1
972909 92
972920 1
972933 2
972935 1
972941 5
972980 27
973234 250
973269 27
973414 126
973423 1
973435 6
973444 5
974099 652
974101 1
974982 879
975098 113
975386 287
975419 32
975543 121
975553 2
975888 328
975897 1
975992 84
975995 1
976144 141
976392 247
976468 74
976512 42
976825 311
977049 220
977119 67
977134 14
977752 615
977758 1
977813 34
977986 163
978144 156
978150 1
978179 23
978225 39
978263 34
978272 6
978689 411
978695 4
978728 3
978741 10
978759 1
978772 11
978787 11
979385 596
979387 1
979447 59
979892 444
979902 4
979915 5
979975 53
980103 121
980321 206
980327 3
980468 137
980640 170
980643 2
980649 5
980721 67
980782 58
980814 3
980817 1
980824 1
980879 51
981024 140
981563 536
981598 27
981610 1
981657 45
981837 179
981945 107
981949 1
981970 13
981975 2
981986 4
982332 344
982346 9
982362 11
982390 26
983143 751
983150 4
983154 1
983165 1
983168 1
983793 616
983851 54
983886 29
983911 12
984017 105
984021 3
984024 1
984144 114
984152 4
984177 19
984472 293
984898 411
984940 40
984942 1
984963 19
985375 409
985400 21
985487 86
985497 1
985790 287
985813 19
985984 166
986168 183
986171 1
986437 259
986504 64
986684 179
986748 63
986765 9
986778 10
986812 31
986993 178
987206 212
987466 250
987500 29
987530 27
987532 1
987544 9
987549 1
987584 33
987673 87
987675 1
987682 4
987688 2
988590 893
988716 122
988728 9
988782 48
988810 25
988816 1
988861 41
988866 2
988878 5
988895 2
988902 1
988940 30
988950 1
989062 95
989178 110
989609 427
989720 106
989912 189
989923 8
989930 4
990191 250
990593 396
990595 1
990699 99
990739 25
990741 1
990782 32
990922 139
991551 623
991556 4
991592 34
991598 2
991729 129
991740 7
991757 16
991796 30
992013 214
992026 3
992047 18
992136 86
992435 298
992910 455
992921 7
992925 1
993493 566
993537 38
993594 56
993622 24
993896 271
993928 30
994061 132
994070 4
994084 3
994104 19
994108 1
994174 59
994178 1
994504 323
994550 41
994892 340
994897 4
994907 2
994928 11
994960 16
995166 192
995434 267
995487 47
995497 1
995513 15
995547 28
995577 18
995597 12
995599 1
995643 26
995646 1
995660 1
995666 1
995679 10
995757 76
995856 95
995862 5
995874 10
995881 6
995891 7
995903 10
995920 12
995989 63
996001 7
996005 1
996031 16
996040 2
996142 92
996492 340
996540 45
996891 349
996897 1
997069 168
997135 59
997296 160
997326 29
997329 1
997364 31
997379 10
997525 141
997592 47
998127 532
998437 307
998449 10
998452 1
998454 1
998461 5
998465 1
998477 4
998482 4
998490 1
998494 3
998505 10
998519 12
998525 1
998532 1
998544 9
998765 220
998882 112
999096 213
999108 7
999164 52
999211 39
999223 11
999230 6
999398 162
999507 98
999599 91
999611 3
999617 3
999640 20
999667 17
999692 10
999715 10
999866 146
999875 2
999927 47
999933 1
