0 0.0
1 0.133425620275
2 0.0549462251091
3 0.0330103290384
4 0.0251304440422
5 0.0253434139069
6 0.0238526248536
7 0.0202321371526
8 0.0166116494516
9 0.0172505590459
10 0.0149078905335
11 0.0124587370887
12 0.0121392822916
13 0.0110744329677
14 0.00937067404962
15 0.0106484932382
16 0.00851879459057
17 0.00745394526674
18 0.00798636992866
19 0.00798636992866
20 0.00670855074007
21 0.00702800553722
22 0.00766691513151
23 0.00670855074007
24 0.00606964114578
25 0.00670855074007
26 0.00681503567245
27 0.00606964114578
28 0.00425939729528
29 0.00606964114578
30 0.00447236716005
31 0.00468533702481
32 0.00468533702481
33 0.00404642743052
34 0.00500479182196
35 0.00425939729528
36 0.00447236716005
37 0.00404642743052
38 0.00330103290384
39 0.00553721648387
40 0.00308806303908
41 0.00319454797146
42 0.00457885209243
43 0.00393994249814
44 0.00330103290384
45 0.00340751783623
46 0.00308806303908
47 0.00276860824193
48 0.00489830688958
49 0.00383345756575
50 0.00330103290384
51 0.00308806303908
52 0.00330103290384
53 0.00330103290384
54 0.00255563837717
55 0.0041529123629
56 0.00330103290384
57 0.00308806303908
58 0.00244915344479
59 0.00330103290384
60 0.00276860824193
61 0.00287509317432
62 0.00266212330955
63 0.00212969864764
64 0.00202321371526
65 0.00266212330955
66 0.0018102438505
67 0.00319454797146
68 0.00212969864764
69 0.00149078905335
70 0.0018102438505
71 0.00234266851241
72 0.00127781918858
73 0.00276860824193
74 0.0018102438505
75 0.00276860824193
76 0.00266212330955
77 0.00127781918858
78 0.00212969864764
79 0.00149078905335
80 0.00170375891811
81 0.00138430412097
82 0.00234266851241
83 0.00191672878288
84 0.00106484932382
85 0.00138430412097
86 0.00223618358002
87 0.0018102438505
88 0.00202321371526
89 0.000851879459057
90 0.0018102438505
91 0.0018102438505
92 0.00287509317432
93 0.00234266851241
94 0.00255563837717
95 0.00159727398573
96 0.00159727398573
97 0.00159727398573
98 0.0018102438505
99 0.000958364391439
100 0.00127781918858
101 0.00106484932382
102 0.00127781918858
103 0.00127781918858
104 0.00149078905335
105 0.0011713342562
106 0.0018102438505
107 0.00212969864764
108 0.00170375891811
109 0.00149078905335
110 0.00223618358002
111 0.000958364391439
112 0.000638909594292
113 0.00149078905335
114 0.00159727398573
115 0.0011713342562
116 0.000851879459057
117 0.00159727398573
118 0.00191672878288
119 0.00170375891811
120 0.00127781918858
121 0.00159727398573
122 0.0018102438505
123 0.00127781918858
124 0.0011713342562
125 0.000958364391439
126 0.00159727398573
127 0.00149078905335
128 0.000745394526674
129 0.00170375891811
130 0.000638909594292
131 0.00127781918858
132 0.00202321371526
133 0.00202321371526
134 0.000745394526674
135 0.00170375891811
136 0.0018102438505
137 0.00127781918858
138 0.00202321371526
139 0.000851879459057
140 0.000851879459057
141 0.0011713342562
142 0.00127781918858
143 0.00106484932382
144 0.00106484932382
145 0.00149078905335
146 0.00234266851241
147 0.0011713342562
148 0.000851879459057
149 0.0011713342562
150 0.00159727398573
151 0.0011713342562
152 0.000425939729528
153 0.00170375891811
154 0.000425939729528
155 0.000745394526674
156 0.000958364391439
157 0.00149078905335
158 0.00191672878288
159 0.000638909594292
160 0.00149078905335
161 0.00149078905335
162 0.000319454797146
163 0.00170375891811
164 0.00138430412097
165 0.000958364391439
166 0.00106484932382
167 0.00106484932382
168 0.00159727398573
169 0.0011713342562
170 0.00127781918858
171 0.00149078905335
172 0.00149078905335
173 0.000745394526674
174 0.00149078905335
175 0.000745394526674
176 0.00127781918858
177 0.000745394526674
178 0.00127781918858
179 0.000745394526674
180 0.000425939729528
181 0.000319454797146
182 0.00159727398573
183 0.000851879459057
184 0.000638909594292
185 0.000851879459057
186 0.000745394526674
187 0.000638909594292
188 0.0011713342562
189 0.000958364391439
190 0.000638909594292
191 0.00127781918858
192 0.00127781918858
193 0.000638909594292
194 0.000851879459057
195 0.000958364391439
196 0.000425939729528
197 0.000638909594292
198 0.000425939729528
199 0.00106484932382
200 0.000745394526674
201 0.00149078905335
202 0.000638909594292
203 0.000851879459057
204 0.00053242466191
205 0.00053242466191
206 0.000958364391439
207 0.0011713342562
208 0.000638909594292
209 0.00053242466191
210 0.00127781918858
211 0.000638909594292
212 0.000319454797146
213 0.000851879459057
214 0.00106484932382
215 0.000745394526674
216 0.000958364391439
217 0.000745394526674
218 0.000851879459057
219 0.000212969864764
220 0.00106484932382
221 0.000958364391439
222 0.000958364391439
223 0.000745394526674
224 0.000425939729528
225 0.0011713342562
226 0.00106484932382
227 0.000745394526674
228 0.000425939729528
229 0.000745394526674
230 0.000958364391439
231 0.000425939729528
232 0.00106484932382
233 0.0011713342562
234 0.000638909594292
235 0.00053242466191
236 0.000851879459057
237 0.00053242466191
238 0.000638909594292
239 0.00106484932382
240 0.000851879459057
241 0.000106484932382
242 0.00106484932382
243 0.00106484932382
244 0.00106484932382
245 0.000638909594292
246 0.000638909594292
247 0.00053242466191
248 0.000745394526674
249 0.00053242466191
250 0.000958364391439
251 0.00053242466191
252 0.000319454797146
253 0.000638909594292
254 0.000958364391439
255 0.000958364391439
256 0.000958364391439
257 0.00053242466191
258 0.000745394526674
259 0.000958364391439
260 0.000958364391439
261 0.00106484932382
262 0.000638909594292
263 0.00053242466191
264 0.000745394526674
265 0.00053242466191
266 0.00053242466191
267 0.00106484932382
268 0.000212969864764
269 0.000851879459057
270 0.0011713342562
271 0.000745394526674
272 0.000425939729528
273 0.000319454797146
274 0.000425939729528
275 0.000212969864764
276 0.000212969864764
277 0.000638909594292
278 0.000425939729528
279 0.000638909594292
280 0.000425939729528
281 0.000212969864764
282 0.000638909594292
283 0.000638909594292
284 0.000745394526674
285 0.00053242466191
286 0.000319454797146
287 0.000425939729528
288 0.000425939729528
289 0.000319454797146
290 0.00053242466191
291 0.000319454797146
292 0.000212969864764
293 0.000638909594292
294 0.000212969864764
295 0.000638909594292
296 0.000638909594292
297 0.000425939729528
298 0.000638909594292
299 0.000425939729528
300 0.000638909594292
301 0.000638909594292
302 0.000425939729528
303 0.000319454797146
304 0.000319454797146
305 0.00053242466191
306 0.000851879459057
307 0.000638909594292
308 0.000745394526674
309 0.000319454797146
310 0.000425939729528
311 0.00127781918858
312 0.000638909594292
313 0.000958364391439
314 0.000638909594292
315 0.000425939729528
316 0.000425939729528
317 0.0
318 0.00106484932382
319 0.000106484932382
320 0.00053242466191
321 0.000425939729528
322 0.000319454797146
323 0.00053242466191
324 0.00053242466191
325 0.000638909594292
326 0.000745394526674
327 0.000319454797146
328 0.000212969864764
329 0.000425939729528
330 0.000319454797146
331 0.000319454797146
332 0.000106484932382
333 0.000212969864764
334 0.00053242466191
335 0.000425939729528
336 0.000212969864764
337 0.000638909594292
338 0.000212969864764
339 0.000638909594292
340 0.000638909594292
341 0.000638909594292
342 0.000212969864764
343 0.000638909594292
344 0.000745394526674
345 0.000425939729528
346 0.000106484932382
347 0.000319454797146
348 0.000638909594292
349 0.000425939729528
350 0.000425939729528
351 0.0
352 0.000638909594292
353 0.000638909594292
354 0.000212969864764
355 0.000212969864764
356 0.000106484932382
357 0.000106484932382
358 0.000212969864764
359 0.000106484932382
360 0.000425939729528
361 0.000106484932382
362 0.000319454797146
363 0.000319454797146
364 0.000425939729528
365 0.00053242466191
366 0.000212969864764
367 0.000212969864764
368 0.000425939729528
369 0.000425939729528
370 0.000319454797146
371 0.000425939729528
372 0.000106484932382
373 0.000212969864764
374 0.000319454797146
375 0.000212969864764
376 0.00053242466191
377 0.00053242466191
378 0.00053242466191
379 0.000106484932382
380 0.000425939729528
381 0.000106484932382
382 0.000212969864764
383 0.00053242466191
384 0.000319454797146
385 0.000212969864764
386 0.00053242466191
387 0.000319454797146
388 0.0
389 0.000319454797146
390 0.0
391 0.000638909594292
392 0.000319454797146
393 0.00053242466191
394 0.000106484932382
395 0.000425939729528
396 0.000212969864764
397 0.000425939729528
398 0.000319454797146
399 0.000425939729528
400 0.000425939729528
401 0.000212969864764
402 0.00053242466191
403 0.000319454797146
404 0.000212969864764
405 0.000425939729528
406 0.000319454797146
407 0.000106484932382
408 0.000319454797146
409 0.000425939729528
410 0.000106484932382
411 0.000425939729528
412 0.000319454797146
413 0.00053242466191
414 0.000212969864764
415 0.000212969864764
416 0.000212969864764
417 0.00053242466191
418 0.000212969864764
419 0.000106484932382
420 0.000425939729528
421 0.000212969864764
422 0.000425939729528
423 0.000212969864764
424 0.000106484932382
425 0.000425939729528
426 0.000212969864764
427 0.000212969864764
428 0.000425939729528
429 0.000106484932382
430 0.000425939729528
431 0.000319454797146
432 0.000106484932382
433 0.000106484932382
434 0.000212969864764
435 0.000106484932382
436 0.000106484932382
437 0.000212969864764
438 0.000212969864764
439 0.000212969864764
440 0.00053242466191
441 0.000212969864764
442 0.000212969864764
443 0.000425939729528
444 0.000212969864764
445 0.00053242466191
446 0.000212969864764
447 0.000106484932382
448 0.000319454797146
449 0.0
450 0.000106484932382
451 0.000319454797146
452 0.0
453 0.000212969864764
454 0.000106484932382
455 0.000319454797146
456 0.000212969864764
457 0.000106484932382
458 0.000106484932382
459 0.000106484932382
460 0.000319454797146
461 0.000212969864764
462 0.000106484932382
463 0.000319454797146
464 0.0
465 0.000106484932382
466 0.000319454797146
467 0.000319454797146
468 0.00053242466191
469 0.000319454797146
470 0.000212969864764
471 0.000319454797146
472 0.000425939729528
473 0.000106484932382
474 0.000319454797146
475 0.000212969864764
476 0.000425939729528
477 0.000425939729528
478 0.0
479 0.000212969864764
480 0.000425939729528
481 0.000212969864764
482 0.000212969864764
483 0.000106484932382
484 0.000319454797146
485 0.000212969864764
486 0.000212969864764
487 0.000319454797146
488 0.000106484932382
489 0.000212969864764
490 0.000106484932382
491 0.000106484932382
492 0.000212969864764
493 0.000212969864764
494 0.00053242466191
495 0.000319454797146
496 0.0
497 0.000212969864764
498 0.000212969864764
499 0.000106484932382
500 0.000106484932382
501 0.000425939729528
502 0.000106484932382
503 0.000106484932382
504 0.000319454797146
505 0.0
506 0.0
507 0.000212969864764
508 0.000106484932382
509 0.000106484932382
510 0.000319454797146
511 0.00053242466191
512 0.000106484932382
513 0.000212969864764
514 0.000638909594292
515 0.000106484932382
516 0.000425939729528
517 0.0
518 0.000319454797146
519 0.000319454797146
520 0.000212969864764
521 0.000106484932382
522 0.0
523 0.0
524 0.000212969864764
525 0.000212969864764
526 0.0
527 0.0
528 0.000212969864764
529 0.000212969864764
530 0.00053242466191
531 0.000106484932382
532 0.000319454797146
533 0.000106484932382
534 0.0
535 0.000106484932382
536 0.000425939729528
537 0.000319454797146
538 0.000106484932382
539 0.000212969864764
540 0.000212969864764
541 0.0
542 0.000106484932382
543 0.0
544 0.000319454797146
545 0.0
546 0.000106484932382
547 0.000106484932382
548 0.000212969864764
549 0.000212969864764
550 0.000106484932382
551 0.0
552 0.000106484932382
553 0.0
554 0.0
555 0.000106484932382
556 0.0
557 0.0
558 0.000212969864764
559 0.000106484932382
560 0.000106484932382
561 0.000106484932382
562 0.0
563 0.0
564 0.000319454797146
565 0.000106484932382
566 0.000212969864764
567 0.0
568 0.000106484932382
569 0.000106484932382
570 0.000106484932382
571 0.00053242466191
572 0.000106484932382
573 0.000106484932382
574 0.000212969864764
575 0.000212969864764
576 0.000212969864764
577 0.0
578 0.000106484932382
579 0.000106484932382
580 0.000106484932382
581 0.000212969864764
582 0.000212969864764
583 0.000212969864764
584 0.0
585 0.000106484932382
586 0.000106484932382
587 0.0
588 0.0
589 0.0
590 0.000319454797146
591 0.000212969864764
592 0.000106484932382
593 0.0
594 0.000106484932382
595 0.000106484932382
596 0.000106484932382
597 0.0
598 0.000106484932382
599 0.000212969864764
600 0.000106484932382
601 0.000212969864764
602 0.0
603 0.000212969864764
604 0.000212969864764
605 0.0
606 0.0
607 0.0
608 0.000106484932382
609 0.0
610 0.0
611 0.0
612 0.000106484932382
613 0.0
614 0.000106484932382
615 0.000106484932382
616 0.000106484932382
617 0.0
618 0.000106484932382
619 0.0
620 0.000212969864764
621 0.000106484932382
622 0.0
623 0.000106484932382
624 0.000106484932382
625 0.000106484932382
626 0.000319454797146
627 0.000106484932382
628 0.000106484932382
629 0.0
630 0.0
631 0.000212969864764
632 0.000106484932382
633 0.000106484932382
634 0.000106484932382
635 0.000106484932382
636 0.0
637 0.0
638 0.000106484932382
639 0.000212969864764
640 0.0
641 0.0
642 0.0
643 0.00053242466191
644 0.000212969864764
645 0.0
646 0.0
647 0.000106484932382
648 0.0
649 0.0
650 0.000106484932382
651 0.000106484932382
652 0.000106484932382
653 0.0
654 0.0
655 0.0
656 0.000106484932382
657 0.0
658 0.000106484932382
659 0.0
660 0.000212969864764
661 0.0
662 0.0
663 0.0
664 0.0
665 0.000212969864764
666 0.000212969864764
667 0.0
668 0.000106484932382
669 0.000106484932382
670 0.000106484932382
671 0.0
672 0.0
673 0.0
674 0.000106484932382
675 0.0
676 0.000106484932382
677 0.0
678 0.000212969864764
679 0.000106484932382
680 0.000106484932382
681 0.0
682 0.0
683 0.0
684 0.0
685 0.0
686 0.0
687 0.0
688 0.000106484932382
689 0.000106484932382
690 0.000106484932382
691 0.000106484932382
692 0.000106484932382
693 0.000106484932382
694 0.0
695 0.0
696 0.000212969864764
697 0.000212969864764
698 0.000106484932382
699 0.0
700 0.000106484932382
701 0.0
702 0.000106484932382
703 0.0
704 0.0
705 0.0
706 0.000106484932382
707 0.0
708 0.000212969864764
709 0.000106484932382
710 0.000106484932382
711 0.000106484932382
712 0.000106484932382
713 0.0
714 0.0
715 0.0
716 0.0
717 0.0
718 0.0
719 0.0
720 0.0
721 0.0
722 0.000212969864764
723 0.000106484932382
724 0.0
725 0.0
726 0.0
727 0.000106484932382
728 0.0
729 0.0
730 0.0
731 0.000106484932382
732 0.000212969864764
733 0.000106484932382
734 0.000106484932382
735 0.000319454797146
736 0.000425939729528
737 0.0
738 0.0
739 0.0
740 0.000106484932382
741 0.0
742 0.0
743 0.0
744 0.0
745 0.0
746 0.0
747 0.000106484932382
748 0.0
749 0.0
750 0.0
751 0.000106484932382
752 0.0
753 0.0
754 0.0
755 0.0
756 0.0
757 0.000106484932382
758 0.0
759 0.000106484932382
760 0.0
761 0.0
762 0.000106484932382
763 0.0
764 0.000106484932382
765 0.000106484932382
766 0.000106484932382
767 0.000212969864764
768 0.000106484932382
769 0.0
770 0.000106484932382
771 0.0
772 0.0
773 0.0
774 0.000106484932382
775 0.0
776 0.000212969864764
777 0.0
778 0.000106484932382
779 0.000106484932382
780 0.0
781 0.000212969864764
782 0.000106484932382
783 0.0
784 0.0
785 0.0
786 0.000106484932382
787 0.0
788 0.0
789 0.0
790 0.0
791 0.000106484932382
792 0.0
793 0.0
794 0.0
795 0.000106484932382
796 0.0
797 0.0
798 0.0
799 0.0
800 0.0
801 0.0
802 0.0
803 0.000106484932382
804 0.000212969864764
805 0.000106484932382
806 0.000106484932382
807 0.0
808 0.0
809 0.0
810 0.0
811 0.0
812 0.0
813 0.0
814 0.0
815 0.0
816 0.0
817 0.000106484932382
818 0.0
819 0.0
820 0.0
821 0.0
822 0.000106484932382
823 0.000106484932382
824 0.0
825 0.0
826 0.0
827 0.000212969864764
828 0.0
829 0.000106484932382
830 0.0
831 0.000106484932382
832 0.000106484932382
833 0.0
834 0.0
835 0.0
836 0.0
837 0.0
838 0.0
839 0.0
840 0.000106484932382
841 0.000106484932382
842 0.000106484932382
843 0.0
844 0.000106484932382
845 0.0
846 0.0
847 0.0
848 0.0
849 0.0
850 0.0
851 0.000106484932382
852 0.0
853 0.0
854 0.0
855 0.0
856 0.000106484932382
857 0.000106484932382
858 0.0
859 0.0
860 0.000106484932382
861 0.0
862 0.000106484932382
863 0.0
864 0.0
865 0.0
866 0.0
867 0.0
868 0.000106484932382
869 0.0
870 0.0
871 0.0
872 0.0
873 0.0
874 0.0
875 0.0
876 0.0
877 0.000106484932382
878 0.0
879 0.000212969864764
880 0.0
881 0.000106484932382
882 0.0
883 0.0
884 0.000106484932382
885 0.0
886 0.0
887 0.000106484932382
888 0.0
889 0.000106484932382
890 0.0
891 0.0
892 0.0
893 0.000106484932382
894 0.0
895 0.0
896 0.0
897 0.0
898 0.0
899 0.0
900 0.0
901 0.0
902 0.0
903 0.000319454797146
904 0.000106484932382
905 0.0
906 0.0
907 0.0
908 0.0
909 0.000106484932382
910 0.0
911 0.0
912 0.0
913 0.0
914 0.0
915 0.0
916 0.0
917 0.0
918 0.0
919 0.000106484932382
920 0.0
921 0.0
922 0.0
923 0.0
924 0.0
925 0.0
926 0.0
927 0.000106484932382
928 0.0
929 0.0
930 0.0
931 0.0
932 0.0
933 0.0
934 0.0
935 0.0
936 0.0
937 0.000106484932382
938 0.0
939 0.0
940 0.0
941 0.0
942 0.0
943 0.0
944 0.0
945 0.000212969864764
946 0.0
947 0.000106484932382
948 0.0
949 0.0
950 0.000106484932382
951 0.0
952 0.000106484932382
953 0.000106484932382
954 0.0
955 0.0
956 0.0
957 0.0
958 0.000106484932382
959 0.0
960 0.0
961 0.000106484932382
962 0.0
963 0.0
964 0.0
965 0.0
966 0.0
967 0.0
968 0.0
969 0.0
970 0.0
971 0.000106484932382
972 0.0
973 0.0
974 0.000106484932382
975 0.0
976 0.0
977 0.0
978 0.0
979 0.0
980 0.0
981 0.0
982 0.0
983 0.0
984 0.000106484932382
985 0.0
986 0.0
987 0.0
988 0.0
989 0.0
990 0.0
991 0.0
992 0.0
993 0.0
994 0.000106484932382
995 0.0
996 0.0
997 0.0
998 0.0
999 0.0
1000 0.0
1001 0.000106484932382
1002 0.0
1003 0.0
1004 0.0
1005 0.000212969864764
1006 0.0
1007 0.0
1008 0.0
1009 0.0
1010 0.0
1011 0.0
1012 0.0
1013 0.0
1014 0.0
1015 0.0
1016 0.000106484932382
1017 0.0
1018 0.0
1019 0.0
1020 0.0
1021 0.0
1022 0.0
1023 0.0
1024 0.0
1025 0.0
1026 0.0
1027 0.0
1028 0.0
1029 0.0
1030 0.0
1031 0.0
1032 0.0
1033 0.0
1034 0.0
1035 0.0
1036 0.000106484932382
1037 0.0
1038 0.0
1039 0.0
1040 0.0
1041 0.0
1042 0.0
1043 0.0
1044 0.000106484932382
1045 0.0
1046 0.0
1047 0.0
1048 0.0
1049 0.0
1050 0.000106484932382
1051 0.0
1052 0.0
1053 0.0
1054 0.0
1055 0.0
1056 0.0
1057 0.0
1058 0.000212969864764
1059 0.0
1060 0.0
1061 0.0
1062 0.0
1063 0.0
1064 0.0
1065 0.0
1066 0.000106484932382
1067 0.0
1068 0.0
1069 0.0
1070 0.0
1071 0.0
1072 0.0
1073 0.000106484932382
1074 0.0
1075 0.000106484932382
1076 0.0
1077 0.0
1078 0.0
1079 0.000106484932382
1080 0.0
1081 0.0
1082 0.0
1083 0.0
1084 0.0
1085 0.0
1086 0.0
1087 0.0
1088 0.0
1089 0.0
1090 0.0
1091 0.0
1092 0.0
1093 0.0
1094 0.0
1095 0.0
1096 0.0
1097 0.0
1098 0.0
1099 0.0
1100 0.0
1101 0.000106484932382
1102 0.0
1103 0.0
1104 0.0
1105 0.000106484932382
1106 0.0
1107 0.0
1108 0.0
1109 0.0
1110 0.0
1111 0.0
1112 0.0
1113 0.0
1114 0.0
1115 0.0
1116 0.0
1117 0.0
1118 0.0
1119 0.0
1120 0.0
1121 0.0
1122 0.0
1123 0.0
1124 0.0
1125 0.000106484932382
1126 0.0
1127 0.0
1128 0.0
1129 0.0
1130 0.0
1131 0.0
1132 0.000106484932382
1133 0.0
1134 0.0
1135 0.0
1136 0.0
1137 0.0
1138 0.0
1139 0.0
1140 0.0
1141 0.0
1142 0.0
1143 0.0
1144 0.0
1145 0.0
1146 0.0
1147 0.0
1148 0.000106484932382
1149 0.0
1150 0.0
1151 0.000106484932382
1152 0.0
1153 0.0
1154 0.0
1155 0.0
1156 0.0
1157 0.0
1158 0.0
1159 0.0
1160 0.0
1161 0.0
1162 0.0
1163 0.0
1164 0.000106484932382
1165 0.0
1166 0.0
1167 0.0
1168 0.0
1169 0.0
1170 0.0
1171 0.0
1172 0.0
1173 0.0
1174 0.0
1175 0.0
1176 0.0
1177 0.0
1178 0.0
1179 0.0
1180 0.0
1181 0.0
1182 0.0
1183 0.0
1184 0.0
1185 0.000106484932382
1186 0.000106484932382
1187 0.000106484932382
1188 0.0
1189 0.0
1190 0.0
1191 0.0
1192 0.0
1193 0.0
1194 0.0
1195 0.0
1196 0.0
1197 0.0
1198 0.0
1199 0.0
1200 0.0
1201 0.0
1202 0.0
1203 0.0
1204 0.0
1205 0.0
1206 0.000106484932382
1207 0.0
1208 0.0
1209 0.0
1210 0.0
1211 0.0
1212 0.0
1213 0.0
1214 0.0
1215 0.000106484932382
1216 0.0
1217 0.0
1218 0.0
1219 0.0
1220 0.0
1221 0.0
1222 0.0
1223 0.0
1224 0.0
1225 0.0
1226 0.0
1227 0.0
1228 0.0
1229 0.0
1230 0.0
1231 0.0
1232 0.0
1233 0.0
1234 0.0
1235 0.0
1236 0.000212969864764
1237 0.0
1238 0.0
1239 0.0
1240 0.0
1241 0.0
1242 0.0
1243 0.0
1244 0.0
1245 0.0
1246 0.0
1247 0.0
1248 0.0
1249 0.0
1250 0.0
1251 0.0
1252 0.0
1253 0.0
1254 0.0
1255 0.0
1256 0.000106484932382
1257 0.0
1258 0.0
1259 0.0
1260 0.0
1261 0.0
1262 0.0
1263 0.0
1264 0.0
1265 0.0
1266 0.0
1267 0.0
1268 0.0
1269 0.0
1270 0.0
1271 0.0
1272 0.0
1273 0.0
1274 0.0
1275 0.0
1276 0.0
1277 0.0
1278 0.0
1279 0.0
1280 0.0
1281 0.0
1282 0.0
1283 0.0
1284 0.0
1285 0.0
1286 0.0
1287 0.0
1288 0.0
1289 0.0
1290 0.0
1291 0.0
1292 0.0
1293 0.0
1294 0.0
1295 0.0
1296 0.0
1297 0.0
1298 0.0
1299 0.0
1300 0.0
1301 0.0
1302 0.0
1303 0.0
1304 0.0
1305 0.0
1306 0.0
1307 0.0
1308 0.0
1309 0.0
1310 0.0
1311 0.000106484932382
1312 0.0
1313 0.0
1314 0.0
1315 0.0
1316 0.0
1317 0.0
1318 0.0
1319 0.0
1320 0.0
1321 0.0
1322 0.0
1323 0.0
1324 0.0
1325 0.0
1326 0.0
1327 0.0
1328 0.0
1329 0.0
1330 0.0
1331 0.0
1332 0.0
1333 0.0
1334 0.0
1335 0.0
1336 0.0
1337 0.0
1338 0.0
1339 0.0
1340 0.0
1341 0.0
1342 0.0
1343 0.0
1344 0.0
1345 0.0
1346 0.0
1347 0.0
1348 0.0
1349 0.0
1350 0.0
1351 0.0
1352 0.0
1353 0.0
1354 0.0
1355 0.0
1356 0.0
1357 0.0
1358 0.0
1359 0.0
1360 0.0
1361 0.0
1362 0.0
1363 0.0
1364 0.0
1365 0.0
1366 0.0
1367 0.0
1368 0.0
1369 0.0
1370 0.000106484932382
1371 0.0
1372 0.0
1373 0.0
1374 0.0
1375 0.0
1376 0.0
1377 0.0
1378 0.0
1379 0.0
1380 0.000106484932382
1381 0.0
1382 0.0
1383 0.0
1384 0.0
1385 0.0
1386 0.0
1387 0.0
1388 0.0
1389 0.0
1390 0.0
1391 0.000106484932382
1392 0.0
1393 0.0
1394 0.0
1395 0.0
1396 0.0
1397 0.0
1398 0.0
1399 0.0
1400 0.0
1401 0.0
1402 0.0
1403 0.0
1404 0.0
1405 0.0
1406 0.0
1407 0.0
1408 0.0
1409 0.0
1410 0.0
1411 0.0
1412 0.000106484932382
1413 0.0
1414 0.0
1415 0.0
1416 0.0
1417 0.0
1418 0.0
1419 0.0
1420 0.0
1421 0.0
1422 0.0
1423 0.0
1424 0.0
1425 0.0
1426 0.0
1427 0.0
1428 0.0
1429 0.0
1430 0.0
1431 0.0
1432 0.0
1433 0.0
1434 0.0
1435 0.0
1436 0.0
1437 0.0
1438 0.0
1439 0.0
1440 0.0
1441 0.0
1442 0.000106484932382
1443 0.0
1444 0.0
1445 0.0
1446 0.0
1447 0.0
1448 0.0
1449 0.0
1450 0.0
1451 0.0
1452 0.0
1453 0.0
1454 0.0
1455 0.0
1456 0.0
1457 0.0
1458 0.0
1459 0.0
1460 0.0
1461 0.0
1462 0.0
1463 0.0
1464 0.0
1465 0.0
1466 0.0
1467 0.0
1468 0.0
1469 0.0
1470 0.0
1471 0.0
1472 0.0
1473 0.000106484932382
1474 0.0
1475 0.0
1476 0.0
1477 0.0
1478 0.0
1479 0.0
1480 0.0
1481 0.0
1482 0.0
1483 0.000106484932382
1484 0.0
1485 0.0
1486 0.0
1487 0.0
1488 0.0
1489 0.0
1490 0.0
1491 0.0
1492 0.0
1493 0.0
1494 0.0
1495 0.0
1496 0.0
1497 0.0
1498 0.0
1499 0.0
1500 0.0
1501 0.0
1502 0.0
1503 0.0
1504 0.0
1505 0.0
1506 0.0
1507 0.0
1508 0.0
1509 0.0
1510 0.0
1511 0.0
1512 0.0
1513 0.0
1514 0.0
1515 0.0
1516 0.0
1517 0.0
1518 0.0
1519 0.0
1520 0.0
1521 0.000106484932382
1522 0.0
1523 0.0
1524 0.0
1525 0.0
1526 0.0
1527 0.0
1528 0.0
1529 0.0
1530 0.0
1531 0.0
1532 0.0
1533 0.0
1534 0.0
1535 0.0
1536 0.0
1537 0.0
1538 0.0
1539 0.0
1540 0.0
1541 0.0
1542 0.0
1543 0.0
1544 0.0
1545 0.0
1546 0.0
1547 0.0
1548 0.0
1549 0.0
1550 0.0
1551 0.0
1552 0.0
1553 0.0
1554 0.0
1555 0.0
1556 0.0
1557 0.0
1558 0.0
1559 0.0
1560 0.0
1561 0.0
1562 0.0
1563 0.0
1564 0.0
1565 0.0
1566 0.0
1567 0.0
1568 0.0
1569 0.0
1570 0.0
1571 0.0
1572 0.0
1573 0.0
1574 0.0
1575 0.0
1576 0.0
1577 0.0
1578 0.0
1579 0.0
1580 0.0
1581 0.0
1582 0.0
1583 0.0
1584 0.0
1585 0.0
1586 0.0
1587 0.0
1588 0.0
1589 0.0
1590 0.0
1591 0.0
1592 0.0
1593 0.0
1594 0.0
1595 0.0
1596 0.0
1597 0.0
1598 0.0
1599 0.0
1600 0.0
1601 0.0
1602 0.0
1603 0.0
1604 0.0
1605 0.0
1606 0.0
1607 0.0
1608 0.0
1609 0.0
1610 0.0
1611 0.0
1612 0.0
1613 0.0
1614 0.0
1615 0.0
1616 0.000106484932382
1617 0.0
1618 0.0
1619 0.0
1620 0.0
1621 0.0
1622 0.0
1623 0.0
1624 0.0
1625 0.0
1626 0.0
1627 0.0
1628 0.0
1629 0.0
1630 0.0
1631 0.0
1632 0.0
1633 0.0
1634 0.0
1635 0.0
1636 0.0
1637 0.0
1638 0.0
1639 0.0
1640 0.0
1641 0.0
1642 0.0
1643 0.0
1644 0.0
1645 0.0
1646 0.0
1647 0.0
1648 0.0
1649 0.0
1650 0.0
1651 0.0
1652 0.0
1653 0.0
1654 0.0
1655 0.0
1656 0.0
1657 0.0
1658 0.0
1659 0.0
1660 0.0
1661 0.0
1662 0.000106484932382
1663 0.0
1664 0.0
1665 0.0
1666 0.0
1667 0.0
1668 0.0
1669 0.0
1670 0.0
1671 0.0
1672 0.0
1673 0.0
1674 0.0
1675 0.0
1676 0.0
1677 0.0
1678 0.0
1679 0.0
1680 0.0
1681 0.0
1682 0.0
1683 0.0
1684 0.0
1685 0.0
1686 0.0
1687 0.0
1688 0.0
1689 0.0
1690 0.0
1691 0.0
1692 0.0
1693 0.0
1694 0.0
1695 0.0
1696 0.0
1697 0.0
1698 0.0
1699 0.0
1700 0.0
1701 0.0
1702 0.0
1703 0.0
1704 0.0
1705 0.0
1706 0.0
1707 0.0
1708 0.0
1709 0.0
1710 0.0
1711 0.0
1712 0.0
1713 0.0
1714 0.0
1715 0.0
1716 0.000106484932382
