0 0
1 1253
2 516
3 310
4 236
5 238
6 224
7 190
8 156
9 162
10 140
11 117
12 114
13 104
14 88
15 100
16 80
17 70
18 75
19 75
20 63
21 66
22 72
23 63
24 57
25 63
26 64
27 57
28 40
29 57
30 42
31 44
32 44
33 38
34 47
35 40
36 42
37 38
38 31
39 52
40 29
41 30
42 43
43 37
44 31
45 32
46 29
47 26
48 46
49 36
50 31
51 29
52 31
53 31
54 24
55 39
56 31
57 29
58 23
59 31
60 26
61 27
62 25
63 20
64 19
65 25
66 17
67 30
68 20
69 14
70 17
71 22
72 12
73 26
74 17
75 26
76 25
77 12
78 20
79 14
80 16
81 13
82 22
83 18
84 10
85 13
86 21
87 17
88 19
89 8
90 17
91 17
92 27
93 22
94 24
95 15
96 15
97 15
98 17
99 9
100 12
101 10
102 12
103 12
104 14
105 11
106 17
107 20
108 16
109 14
110 21
111 9
112 6
113 14
114 15
115 11
116 8
117 15
118 18
119 16
120 12
121 15
122 17
123 12
124 11
125 9
126 15
127 14
128 7
129 16
130 6
131 12
132 19
133 19
134 7
135 16
136 17
137 12
138 19
139 8
140 8
141 11
142 12
143 10
144 10
145 14
146 22
147 11
148 8
149 11
150 15
151 11
152 4
153 16
154 4
155 7
156 9
157 14
158 18
159 6
160 14
161 14
162 3
163 16
164 13
165 9
166 10
167 10
168 15
169 11
170 12
171 14
172 14
173 7
174 14
175 7
176 12
177 7
178 12
179 7
180 4
181 3
182 15
183 8
184 6
185 8
186 7
187 6
188 11
189 9
190 6
191 12
192 12
193 6
194 8
195 9
196 4
197 6
198 4
199 10
200 7
201 14
202 6
203 8
204 5
205 5
206 9
207 11
208 6
209 5
210 12
211 6
212 3
213 8
214 10
215 7
216 9
217 7
218 8
219 2
220 10
221 9
222 9
223 7
224 4
225 11
226 10
227 7
228 4
229 7
230 9
231 4
232 10
233 11
234 6
235 5
236 8
237 5
238 6
239 10
240 8
241 1
242 10
243 10
244 10
245 6
246 6
247 5
248 7
249 5
250 9
251 5
252 3
253 6
254 9
255 9
256 9
257 5
258 7
259 9
260 9
261 10
262 6
263 5
264 7
265 5
266 5
267 10
268 2
269 8
270 11
271 7
272 4
273 3
274 4
275 2
276 2
277 6
278 4
279 6
280 4
281 2
282 6
283 6
284 7
285 5
286 3
287 4
288 4
289 3
290 5
291 3
292 2
293 6
294 2
295 6
296 6
297 4
298 6
299 4
300 6
301 6
302 4
303 3
304 3
305 5
306 8
307 6
308 7
309 3
310 4
311 12
312 6
313 9
314 6
315 4
316 4
317 0
318 10
319 1
320 5
321 4
322 3
323 5
324 5
325 6
326 7
327 3
328 2
329 4
330 3
331 3
332 1
333 2
334 5
335 4
336 2
337 6
338 2
339 6
340 6
341 6
342 2
343 6
344 7
345 4
346 1
347 3
348 6
349 4
350 4
351 0
352 6
353 6
354 2
355 2
356 1
357 1
358 2
359 1
360 4
361 1
362 3
363 3
364 4
365 5
366 2
367 2
368 4
369 4
370 3
371 4
372 1
373 2
374 3
375 2
376 5
377 5
378 5
379 1
380 4
381 1
382 2
383 5
384 3
385 2
386 5
387 3
388 0
389 3
390 0
391 6
392 3
393 5
394 1
395 4
396 2
397 4
398 3
399 4
400 4
401 2
402 5
403 3
404 2
405 4
406 3
407 1
408 3
409 4
410 1
411 4
412 3
413 5
414 2
415 2
416 2
417 5
418 2
419 1
420 4
421 2
422 4
423 2
424 1
425 4
426 2
427 2
428 4
429 1
430 4
431 3
432 1
433 1
434 2
435 1
436 1
437 2
438 2
439 2
440 5
441 2
442 2
443 4
444 2
445 5
446 2
447 1
448 3
449 0
450 1
451 3
452 0
453 2
454 1
455 3
456 2
457 1
458 1
459 1
460 3
461 2
462 1
463 3
464 0
465 1
466 3
467 3
468 5
469 3
470 2
471 3
472 4
473 1
474 3
475 2
476 4
477 4
478 0
479 2
480 4
481 2
482 2
483 1
484 3
485 2
486 2
487 3
488 1
489 2
490 1
491 1
492 2
493 2
494 5
495 3
496 0
497 2
498 2
499 1
500 1
501 4
502 1
503 1
504 3
505 0
506 0
507 2
508 1
509 1
510 3
511 5
512 1
513 2
514 6
515 1
516 4
517 0
518 3
519 3
520 2
521 1
522 0
523 0
524 2
525 2
526 0
527 0
528 2
529 2
530 5
531 1
532 3
533 1
534 0
535 1
536 4
537 3
538 1
539 2
540 2
541 0
542 1
543 0
544 3
545 0
546 1
547 1
548 2
549 2
550 1
551 0
552 1
553 0
554 0
555 1
556 0
557 0
558 2
559 1
560 1
561 1
562 0
563 0
564 3
565 1
566 2
567 0
568 1
569 1
570 1
571 5
572 1
573 1
574 2
575 2
576 2
577 0
578 1
579 1
580 1
581 2
582 2
583 2
584 0
585 1
586 1
587 0
588 0
589 0
590 3
591 2
592 1
593 0
594 1
595 1
596 1
597 0
598 1
599 2
600 1
601 2
602 0
603 2
604 2
605 0
606 0
607 0
608 1
609 0
610 0
611 0
612 1
613 0
614 1
615 1
616 1
617 0
618 1
619 0
620 2
621 1
622 0
623 1
624 1
625 1
626 3
627 1
628 1
629 0
630 0
631 2
632 1
633 1
634 1
635 1
636 0
637 0
638 1
639 2
640 0
641 0
642 0
643 5
644 2
645 0
646 0
647 1
648 0
649 0
650 1
651 1
652 1
653 0
654 0
655 0
656 1
657 0
658 1
659 0
660 2
661 0
662 0
663 0
664 0
665 2
666 2
667 0
668 1
669 1
670 1
671 0
672 0
673 0
674 1
675 0
676 1
677 0
678 2
679 1
680 1
681 0
682 0
683 0
684 0
685 0
686 0
687 0
688 1
689 1
690 1
691 1
692 1
693 1
694 0
695 0
696 2
697 2
698 1
699 0
700 1
701 0
702 1
703 0
704 0
705 0
706 1
707 0
708 2
709 1
710 1
711 1
712 1
713 0
714 0
715 0
716 0
717 0
718 0
719 0
720 0
721 0
722 2
723 1
724 0
725 0
726 0
727 1
728 0
729 0
730 0
731 1
732 2
733 1
734 1
735 3
736 4
737 0
738 0
739 0
740 1
741 0
742 0
743 0
744 0
745 0
746 0
747 1
748 0
749 0
750 0
751 1
752 0
753 0
754 0
755 0
756 0
757 1
758 0
759 1
760 0
761 0
762 1
763 0
764 1
765 1
766 1
767 2
768 1
769 0
770 1
771 0
772 0
773 0
774 1
775 0
776 2
777 0
778 1
779 1
780 0
781 2
782 1
783 0
784 0
785 0
786 1
787 0
788 0
789 0
790 0
791 1
792 0
793 0
794 0
795 1
796 0
797 0
798 0
799 0
800 0
801 0
802 0
803 1
804 2
805 1
806 1
807 0
808 0
809 0
810 0
811 0
812 0
813 0
814 0
815 0
816 0
817 1
818 0
819 0
820 0
821 0
822 1
823 1
824 0
825 0
826 0
827 2
828 0
829 1
830 0
831 1
832 1
833 0
834 0
835 0
836 0
837 0
838 0
839 0
840 1
841 1
842 1
843 0
844 1
845 0
846 0
847 0
848 0
849 0
850 0
851 1
852 0
853 0
854 0
855 0
856 1
857 1
858 0
859 0
860 1
861 0
862 1
863 0
864 0
865 0
866 0
867 0
868 1
869 0
870 0
871 0
872 0
873 0
874 0
875 0
876 0
877 1
878 0
879 2
880 0
881 1
882 0
883 0
884 1
885 0
886 0
887 1
888 0
889 1
890 0
891 0
892 0
893 1
894 0
895 0
896 0
897 0
898 0
899 0
900 0
901 0
902 0
903 3
904 1
905 0
906 0
907 0
908 0
909 1
910 0
911 0
912 0
913 0
914 0
915 0
916 0
917 0
918 0
919 1
920 0
921 0
922 0
923 0
924 0
925 0
926 0
927 1
928 0
929 0
930 0
931 0
932 0
933 0
934 0
935 0
936 0
937 1
938 0
939 0
940 0
941 0
942 0
943 0
944 0
945 2
946 0
947 1
948 0
949 0
950 1
951 0
952 1
953 1
954 0
955 0
956 0
957 0
958 1
959 0
960 0
961 1
962 0
963 0
964 0
965 0
966 0
967 0
968 0
969 0
970 0
971 1
972 0
973 0
974 1
975 0
976 0
977 0
978 0
979 0
980 0
981 0
982 0
983 0
984 1
985 0
986 0
987 0
988 0
989 0
990 0
991 0
992 0
993 0
994 1
995 0
996 0
997 0
998 0
999 0
1000 0
1001 1
1002 0
1003 0
1004 0
1005 2
1006 0
1007 0
1008 0
1009 0
1010 0
1011 0
1012 0
1013 0
1014 0
1015 0
1016 1
1017 0
1018 0
1019 0
1020 0
1021 0
1022 0
1023 0
1024 0
1025 0
1026 0
1027 0
1028 0
1029 0
1030 0
1031 0
1032 0
1033 0
1034 0
1035 0
1036 1
1037 0
1038 0
1039 0
1040 0
1041 0
1042 0
1043 0
1044 1
1045 0
1046 0
1047 0
1048 0
1049 0
1050 1
1051 0
1052 0
1053 0
1054 0
1055 0
1056 0
1057 0
1058 2
1059 0
1060 0
1061 0
1062 0
1063 0
1064 0
1065 0
1066 1
1067 0
1068 0
1069 0
1070 0
1071 0
1072 0
1073 1
1074 0
1075 1
1076 0
1077 0
1078 0
1079 1
1080 0
1081 0
1082 0
1083 0
1084 0
1085 0
1086 0
1087 0
1088 0
1089 0
1090 0
1091 0
1092 0
1093 0
1094 0
1095 0
1096 0
1097 0
1098 0
1099 0
1100 0
1101 1
1102 0
1103 0
1104 0
1105 1
1106 0
1107 0
1108 0
1109 0
1110 0
1111 0
1112 0
1113 0
1114 0
1115 0
1116 0
1117 0
1118 0
1119 0
1120 0
1121 0
1122 0
1123 0
1124 0
1125 1
1126 0
1127 0
1128 0
1129 0
1130 0
1131 0
1132 1
1133 0
1134 0
1135 0
1136 0
1137 0
1138 0
1139 0
1140 0
1141 0
1142 0
1143 0
1144 0
1145 0
1146 0
1147 0
1148 1
1149 0
1150 0
1151 1
1152 0
1153 0
1154 0
1155 0
1156 0
1157 0
1158 0
1159 0
1160 0
1161 0
1162 0
1163 0
1164 1
1165 0
1166 0
1167 0
1168 0
1169 0
1170 0
1171 0
1172 0
1173 0
1174 0
1175 0
1176 0
1177 0
1178 0
1179 0
1180 0
1181 0
1182 0
1183 0
1184 0
1185 1
1186 1
1187 1
1188 0
1189 0
1190 0
1191 0
1192 0
1193 0
1194 0
1195 0
1196 0
1197 0
1198 0
1199 0
1200 0
1201 0
1202 0
1203 0
1204 0
1205 0
1206 1
1207 0
1208 0
1209 0
1210 0
1211 0
1212 0
1213 0
1214 0
1215 1
1216 0
1217 0
1218 0
1219 0
1220 0
1221 0
1222 0
1223 0
1224 0
1225 0
1226 0
1227 0
1228 0
1229 0
1230 0
1231 0
1232 0
1233 0
1234 0
1235 0
1236 2
1237 0
1238 0
1239 0
1240 0
1241 0
1242 0
1243 0
1244 0
1245 0
1246 0
1247 0
1248 0
1249 0
1250 0
1251 0
1252 0
1253 0
1254 0
1255 0
1256 1
1257 0
1258 0
1259 0
1260 0
1261 0
1262 0
1263 0
1264 0
1265 0
1266 0
1267 0
1268 0
1269 0
1270 0
1271 0
1272 0
1273 0
1274 0
1275 0
1276 0
1277 0
1278 0
1279 0
1280 0
1281 0
1282 0
1283 0
1284 0
1285 0
1286 0
1287 0
1288 0
1289 0
1290 0
1291 0
1292 0
1293 0
1294 0
1295 0
1296 0
1297 0
1298 0
1299 0
1300 0
1301 0
1302 0
1303 0
1304 0
1305 0
1306 0
1307 0
1308 0
1309 0
1310 0
1311 1
1312 0
1313 0
1314 0
1315 0
1316 0
1317 0
1318 0
1319 0
1320 0
1321 0
1322 0
1323 0
1324 0
1325 0
1326 0
1327 0
1328 0
1329 0
1330 0
1331 0
1332 0
1333 0
1334 0
1335 0
1336 0
1337 0
1338 0
1339 0
1340 0
1341 0
1342 0
1343 0
1344 0
1345 0
1346 0
1347 0
1348 0
1349 0
1350 0
1351 0
1352 0
1353 0
1354 0
1355 0
1356 0
1357 0
1358 0
1359 0
1360 0
1361 0
1362 0
1363 0
1364 0
1365 0
1366 0
1367 0
1368 0
1369 0
1370 1
1371 0
1372 0
1373 0
1374 0
1375 0
1376 0
1377 0
1378 0
1379 0
1380 1
1381 0
1382 0
1383 0
1384 0
1385 0
1386 0
1387 0
1388 0
1389 0
1390 0
1391 1
1392 0
1393 0
1394 0
1395 0
1396 0
1397 0
1398 0
1399 0
1400 0
1401 0
1402 0
1403 0
1404 0
1405 0
1406 0
1407 0
1408 0
1409 0
1410 0
1411 0
1412 1
1413 0
1414 0
1415 0
1416 0
1417 0
1418 0
1419 0
1420 0
1421 0
1422 0
1423 0
1424 0
1425 0
1426 0
1427 0
1428 0
1429 0
1430 0
1431 0
1432 0
1433 0
1434 0
1435 0
1436 0
1437 0
1438 0
1439 0
1440 0
1441 0
1442 1
1443 0
1444 0
1445 0
1446 0
1447 0
1448 0
1449 0
1450 0
1451 0
1452 0
1453 0
1454 0
1455 0
1456 0
1457 0
1458 0
1459 0
1460 0
1461 0
1462 0
1463 0
1464 0
1465 0
1466 0
1467 0
1468 0
1469 0
1470 0
1471 0
1472 0
1473 1
1474 0
1475 0
1476 0
1477 0
1478 0
1479 0
1480 0
1481 0
1482 0
1483 1
1484 0
1485 0
1486 0
1487 0
1488 0
1489 0
1490 0
1491 0
1492 0
1493 0
1494 0
1495 0
1496 0
1497 0
1498 0
1499 0
1500 0
1501 0
1502 0
1503 0
1504 0
1505 0
1506 0
1507 0
1508 0
1509 0
1510 0
1511 0
1512 0
1513 0
1514 0
1515 0
1516 0
1517 0
1518 0
1519 0
1520 0
1521 1
1522 0
1523 0
1524 0
1525 0
1526 0
1527 0
1528 0
1529 0
1530 0
1531 0
1532 0
1533 0
1534 0
1535 0
1536 0
1537 0
1538 0
1539 0
1540 0
1541 0
1542 0
1543 0
1544 0
1545 0
1546 0
1547 0
1548 0
1549 0
1550 0
1551 0
1552 0
1553 0
1554 0
1555 0
1556 0
1557 0
1558 0
1559 0
1560 0
1561 0
1562 0
1563 0
1564 0
1565 0
1566 0
1567 0
1568 0
1569 0
1570 0
1571 0
1572 0
1573 0
1574 0
1575 0
1576 0
1577 0
1578 0
1579 0
1580 0
1581 0
1582 0
1583 0
1584 0
1585 0
1586 0
1587 0
1588 0
1589 0
1590 0
1591 0
1592 0
1593 0
1594 0
1595 0
1596 0
1597 0
1598 0
1599 0
1600 0
1601 0
1602 0
1603 0
1604 0
1605 0
1606 0
1607 0
1608 0
1609 0
1610 0
1611 0
1612 0
1613 0
1614 0
1615 0
1616 1
1617 0
1618 0
1619 0
1620 0
1621 0
1622 0
1623 0
1624 0
1625 0
1626 0
1627 0
1628 0
1629 0
1630 0
1631 0
1632 0
1633 0
1634 0
1635 0
1636 0
1637 0
1638 0
1639 0
1640 0
1641 0
1642 0
1643 0
1644 0
1645 0
1646 0
1647 0
1648 0
1649 0
1650 0
1651 0
1652 0
1653 0
1654 0
1655 0
1656 0
1657 0
1658 0
1659 0
1660 0
1661 0
1662 1
1663 0
1664 0
1665 0
1666 0
1667 0
1668 0
1669 0
1670 0
1671 0
1672 0
1673 0
1674 0
1675 0
1676 0
1677 0
1678 0
1679 0
1680 0
1681 0
1682 0
1683 0
1684 0
1685 0
1686 0
1687 0
1688 0
1689 0
1690 0
1691 0
1692 0
1693 0
1694 0
1695 0
1696 0
1697 0
1698 0
1699 0
1700 0
1701 0
1702 0
1703 0
1704 0
1705 0
1706 0
1707 0
1708 0
1709 0
1710 0
1711 0
1712 0
1713 0
1714 0
1715 0
1716 1
