0 0.0
1 0.134293177814
2 0.225599902801
3 0.164886701901
4 0.119300164024
5 0.0846364133406
6 0.0679788591216
7 0.0469959297734
8 0.0357207946054
9 0.0268513456048
10 0.0211530283701
11 0.015333211834
12 0.0132312739202
13 0.00911244760343
14 0.00719275864164
15 0.00544316870178
16 0.00478707247433
17 0.00363282911123
18 0.00298888281392
19 0.0022112872851
20 0.00187108924124
21 0.00155519105765
22 0.000911244760343
23 0.000789745458964
24 0.000485997205516
25 0.000631796367171
26 0.000388797764413
27 0.000315898183585
28 0.000279448393172
29 0.000242998602758
30 0.000340198043861
31 0.000194398882206
32 0.000109349371241
33 9.71994411032e-05
34 6.07496506895e-05
35 0.000109349371241
36 8.50495109653e-05
37 2.42998602758e-05
38 2.42998602758e-05
39 1.21499301379e-05
40 0.0
41 1.21499301379e-05
42 4.85997205516e-05
43 3.64497904137e-05
44 0.0
45 1.21499301379e-05
46 0.0
47 0.0
48 0.0
49 0.0
50 0.0
51 0.0
52 1.21499301379e-05
