0 0.0
1 0.145097346522
2 0.0745407442299
3 0.0640995446695
4 0.0621957921181
5 0.0534424556445
6 0.0453367875648
7 0.0388012246821
8 0.0346011932799
9 0.032991835453
10 0.0315002355158
11 0.0277319830429
12 0.0253964515623
13 0.0231001727116
14 0.0204309938766
15 0.0195674360182
16 0.0179973308212
17 0.0160346993249
18 0.0158973151201
19 0.014366462553
20 0.0136991678442
21 0.0124823363165
22 0.0120113047574
23 0.011167373214
24 0.0105982100801
25 0.0103430679856
26 0.00963652064688
27 0.00871408384362
28 0.00869445752865
29 0.00788977861517
30 0.00710472601664
31 0.00639817867797
32 0.00684958392212
33 0.00618228921338
34 0.00578976291412
35 0.00537761029989
36 0.00502433663055
37 0.00447479981159
38 0.00472994190611
39 0.00416077877218
40 0.00435704192181
41 0.00431778929188
42 0.00361124195321
43 0.00331684722876
44 0.00312058407913
45 0.0031402103941
46 0.00298319987439
47 0.00296357355943
48 0.00243366305542
49 0.00229627885068
50 0.00200188412624
51 0.00259067357513
52 0.00204113675616
53 0.00219814727587
54 0.00186449992149
55 0.00168786308683
56 0.00168786308683
57 0.00145234730727
58 0.00139346836238
59 0.00139346836238
60 0.00157010519705
61 0.0012757104726
62 0.000843931543413
63 0.00113832626786
64 0.000804678913487
65 0.000961689433192
66 0.00102056837808
67 0.00102056837808
68 0.000942063118229
69 0.00107944732297
70 0.000588789448893
71 0.00082430522845
72 0.000785052598524
73 0.000588789448893
74 0.000549536818967
75 0.00056916313393
76 0.000529910504004
77 0.000372899984299
78 0.000588789448893
79 0.000412152614225
80 0.000392526299262
81 0.000451405244151
82 0.000353273669336
83 0.000471031559114
84 0.000235515779557
85 0.000294394724447
86 0.000157010519705
87 0.00025514209452
88 0.00025514209452
89 0.000372899984299
90 0.000294394724447
91 0.00031402103941
92 0.000117757889779
93 0.00025514209452
94 0.000117757889779
95 0.000215889464594
96 0.00025514209452
97 0.000157010519705
98 0.000196263149631
99 0.00031402103941
100 0.000117757889779
101 0.000176636834668
102 0.000333647354373
103 7.85052598524e-05
104 3.92526299262e-05
105 3.92526299262e-05
106 0.000137384204742
107 3.92526299262e-05
108 0.000137384204742
109 5.88789448893e-05
110 0.000117757889779
111 5.88789448893e-05
112 0.0
113 3.92526299262e-05
114 0.000117757889779
115 1.96263149631e-05
116 1.96263149631e-05
117 3.92526299262e-05
118 9.81315748155e-05
119 3.92526299262e-05
120 3.92526299262e-05
121 0.0
122 3.92526299262e-05
123 1.96263149631e-05
124 1.96263149631e-05
125 9.81315748155e-05
126 5.88789448893e-05
127 1.96263149631e-05
128 9.81315748155e-05
129 3.92526299262e-05
130 3.92526299262e-05
131 5.88789448893e-05
132 0.0
133 3.92526299262e-05
134 3.92526299262e-05
135 0.0
136 0.0
137 1.96263149631e-05
138 0.0
139 5.88789448893e-05
140 0.0
141 3.92526299262e-05
142 0.0
143 1.96263149631e-05
144 3.92526299262e-05
145 1.96263149631e-05
146 1.96263149631e-05
147 0.0
148 1.96263149631e-05
149 1.96263149631e-05
150 0.0
151 0.0
152 0.0
153 0.0
154 3.92526299262e-05
155 0.0
156 0.0
157 0.0
158 1.96263149631e-05
159 0.0
160 0.0
161 0.0
162 1.96263149631e-05
163 0.0
164 0.0
165 0.0
166 0.0
167 1.96263149631e-05
168 0.0
169 1.96263149631e-05
170 0.0
171 3.92526299262e-05
172 0.0
173 0.0
174 0.0
175 0.0
176 0.0
177 0.0
178 0.0
179 0.0
180 0.0
181 0.0
182 0.0
183 1.96263149631e-05
