0 0
1 7393
2 3798
3 3266
4 3169
5 2723
6 2310
7 1977
8 1763
9 1681
10 1605
11 1413
12 1294
13 1177
14 1041
15 997
16 917
17 817
18 810
19 732
20 698
21 636
22 612
23 569
24 540
25 527
26 491
27 444
28 443
29 402
30 362
31 326
32 349
33 315
34 295
35 274
36 256
37 228
38 241
39 212
40 222
41 220
42 184
43 169
44 159
45 160
46 152
47 151
48 124
49 117
50 102
51 132
52 104
53 112
54 95
55 86
56 86
57 74
58 71
59 71
60 80
61 65
62 43
63 58
64 41
65 49
66 52
67 52
68 48
69 55
70 30
71 42
72 40
73 30
74 28
75 29
76 27
77 19
78 30
79 21
80 20
81 23
82 18
83 24
84 12
85 15
86 8
87 13
88 13
89 19
90 15
91 16
92 6
93 13
94 6
95 11
96 13
97 8
98 10
99 16
100 6
101 9
102 17
103 4
104 2
105 2
106 7
107 2
108 7
109 3
110 6
111 3
112 0
113 2
114 6
115 1
116 1
117 2
118 5
119 2
120 2
121 0
122 2
123 1
124 1
125 5
126 3
127 1
128 5
129 2
130 2
131 3
132 0
133 2
134 2
135 0
136 0
137 1
138 0
139 3
140 0
141 2
142 0
143 1
144 2
145 1
146 1
147 0
148 1
149 1
150 0
151 0
152 0
153 0
154 2
155 0
156 0
157 0
158 1
159 0
160 0
161 0
162 1
163 0
164 0
165 0
166 0
167 1
168 0
169 1
170 0
171 2
172 0
173 0
174 0
175 0
176 0
177 0
178 0
179 0
180 0
181 0
182 0
183 1
