0.0 1.0
1.0 0.157379586495
2.0 0.0795075716051
3.0 0.0504310144747
4.0 0.0389326979124
5.0 0.0311439918652
6.0 0.028424231889
7.0 0.0264729902288
8.0 0.0236100422502
9.0 0.0230032831633
10.0 0.0213087230874
11.0 0.0185251081535
12.0 0.0188490213846
13.0 0.0171307070672
14.0 0.0171873448872
15.0 0.0160127065056
16.0 0.0154410647593
17.0 0.0156622218405
18.0 0.0155806142048
19.0 0.0143494295162
20.0 0.0143905211072
21.0 0.0129302050351
22.0 0.0124293569033
23.0 0.012517357215
24.0 0.0115669693356
25.0 0.0112011549754
26.0 0.0110149440351
27.0 0.0102983966576
28.0 0.00931185663677
29.0 0.00938208146273
30.0 0.00881685857927
31.0 0.00812814241785
32.0 0.00822938142293
33.0 0.00784838829366
34.0 0.00726975917761
35.0 0.00681762637393
36.0 0.00693436655542
37.0 0.00564049827545
38.0 0.00571836514112
39.0 0.00575584098299
40.0 0.0056865583186
41.0 0.00541880591358
42.0 0.00508621893927
43.0 0.00502282013861
44.0 0.00485084918475
45.0 0.0048256372116
46.0 0.00452354349625
47.0 0.00425605014342
48.0 0.00375591243409
49.0 0.00367852819393
50.0 0.00386359310986
51.0 0.00329126234105
52.0 0.00325060240983
53.0 0.00293348591988
54.0 0.00289942731433
55.0 0.00284149507811
56.0 0.00239217496177
57.0 0.00240264742827
58.0 0.00194765491363
59.0 0.00173249460913
60.0 0.00194546113576
61.0 0.00165735511254
62.0 0.00136755455008
63.0 0.00129293034208
64.0 0.0012423180198
65.0 0.00106784495964
66.0 0.0011518812096
67.0 0.000877583231445
68.0 0.0009328024591
69.0 0.000676114116947
70.0 0.000675558562623
71.0 0.000611921828153
72.0 0.00055600991746
73.0 0.000593609090706
74.0 0.000446134900671
75.0 0.000361440601817
76.0 0.000384332931518
77.0 0.00034511327417
78.0 0.000348471942174
79.0 0.000311437333761
80.0 0.000190242862434
81.0 0.00016952234748
82.0 0.000172970557438
83.0 7.79243076725e-05
84.0 0.000112103991966
85.0 0.000150367127248
86.0 9.2635093317e-05
87.0 4.14700324892e-05
88.0 3.78694885791e-05
89.0 7.53363199446e-06
90.0 2.55270594551e-05
91.0 4.0599673435e-05
92.0 3.80466014375e-05
93.0 2.17620737179e-05
94.0 3.37032535206e-05
95.0 1.13166387538e-06
96.0 2.3720170406e-06
97.0 1.65142957519e-05
98.0 0.0
99.0 0.0
100.0 0.0
101.0 0.0
102.0 0.0
103.0 0.0
104.0 0.0
105.0 0.0
106.0 0.0
107.0 0.0
108.0 0.0
109.0 0.0
110.0 0.0
111.0 0.0
112.0 0.0
113.0 0.0
114.0 0.0
115.0 0.0
116.0 0.0
117.0 0.0
118.0 0.0
