0 58649.0
1 8424.0
2 4019.0
3 2396.0
4 1789.0
5 1359.0
6 1229.0
7 1148.0
8 994.0
9 986.0
10 914.0
11 753.0
12 794.0
13 698.0
14 718.0
15 657.0
16 627.0
17 650.0
18 662.0
19 596.0
20 617.0
21 538.0
22 514.0
23 533.0
24 484.0
25 470.0
26 471.0
27 440.0
28 385.0
29 399.0
30 374.0
31 336.0
32 350.0
33 336.0
34 308.0
35 285.0
36 305.0
37 228.0
38 235.0
39 241.0
40 242.0
41 231.0
42 214.0
43 214.0
44 207.0
45 211.0
46 198.0
47 188.0
48 160.0
49 157.0
50 175.0
51 143.0
52 145.0
53 128.0
54 129.0
55 131.0
56 106.0
57 112.0
58 87.0
59 74.0
60 91.0
61 77.0
62 61.0
63 58.0
64 57.0
65 47.0
66 55.0
67 39.0
68 45.0
69 30.0
70 31.0
71 28.0
72 25.0
73 29.0
74 21.0
75 16.0
76 18.0
77 16.0
78 17.0
79 16.0
80 9.0
81 8.0
82 9.0
83 3.0
84 5.0
85 8.0
86 5.0
87 2.0
88 2.0
89 0.0
90 1.0
91 2.0
92 2.0
93 1.0
94 2.0
95 0.0
96 0.0
97 1.0
98 0.0
99 0.0
100 0.0
101 0.0
102 0.0
103 0.0
104 0.0
105 0.0
106 0.0
107 0.0
108 0.0
109 0.0
110 0.0
111 0.0
112 0.0
113 0.0
114 0.0
115 0.0
116 0.0
117 0.0
118 0.0
