57 1
114 1
139 10
181 25
472 286
497 13
587 88
602 13
616 13
1336 710
1414 73
1430 6
1440 6
1464 5
1473 1
1491 2
1510 13
1519 7
1528 8
1555 21
1566 1
1720 152
1724 2
1939 211
2435 492
2439 3
2445 4
2805 358
2837 30
2846 8
2957 109
2998 37
3007 4
3043 35
3047 1
3231 180
3349 108
3352 2
3372 8
3484 106
3491 6
3521 29
3565 39
3570 3
3574 1
3598 21
3798 197
3800 1
3817 11
3868 46
3960 90
4004 41
4014 3
4327 304
4347 16
4353 4
5186 827
5214 16
5474 255
5485 4
5497 10
5500 1
5518 7
5524 1
5529 4
5558 20
5566 6
5638 70
5744 98
5774 29
5791 10
5805 3
5813 4
5819 1
5894 70
5927 30
5948 20
6751 799
6779 26
6783 2
6785 1
6830 44
7270 438
7272 1
7285 1
7301 15
7316 7
7527 201
7545 12
7573 23
8296 708
8362 53
8373 6
8380 4
8458 71
8626 161
8702 74
8719 5
8725 3
8734 5
8759 19
8766 1
8819 49
9312 491
9516 201
9579 59
9695 115
10188 453
10196 1
10461 261
10515 48
10531 11
10583 50
10680 95
10736 55
10739 2
10829 85
10991 157
10993 1
11031 34
11086 52
11225 138
11246 1
11630 363
11657 17
11677 17
11763 85
11767 2
11779 1
12332 550
12366 28
12483 108
12488 1
12710 221
13051 339
13074 21
13352 262
13642 278
13978 335
13987 5
14048 57
14103 54
14111 7
14180 66
14197 7
14313 113
14459 143
14468 1
14477 1
14483 2
14485 1
14505 19
14512 1
14544 30
14631 77
15034 399
15101 65
15140 37
15211 65
15224 9
15245 6
15574 328
15576 1
16060 480
16062 1
16079 1
16450 354
16463 12
16562 95
16593 30
16626 30
16629 2
16643 9
16772 124
16885 111
16899 12
16916 4
16971 53
17033 57
17035 1
17056 7
17428 371
17431 1
17442 9
17587 140
18012 424
18020 4
18052 29
18393 335
18400 1
18415 9
18674 248
18682 1
18685 1
18688 1
18706 11
18776 65
18810 33
18878 59
19130 251
19138 7
19536 396
19782 244
19798 10
19811 11
20154 341
20178 2
20357 173
20368 7
20373 2
20386 4
20402 7
20409 6
20476 62
20498 17
20921 421
20941 18
20960 12
20981 5
21071 82
21306 224
21545 237
21553 6
21679 123
21687 1
22627 933
22635 6
22653 12
22692 38
22804 108
22826 17
22843 7
22996 150
23766 754
23894 125
23897 1
24197 298
24221 18
24385 162
24394 6
24406 3
24418 1
24421 2
24433 1
24473 36
24620 146
24672 47
24677 3
24702 16
24732 22
24748 12
24766 15
24812 39
25043 226
25056 12
25109 44
25152 34
25522 364
25539 13
25634 90
25661 26
26254 584
26270 7
26272 1
26653 376
26668 6
26676 1
26722 44
26809 85
27206 384
27219 12
27246 17
27331 77
27525 188
27586 58
27594 4
27620 23
27624 1
27644 10
27649 1
27663 5
27828 160
27932 103
28083 149
28090 2
28144 48
28521 375
28651 126
28656 1
28667 7
28836 157
28907 67
28917 8
28919 1
28939 18
29024 82
29166 138
29241 72
29253 9
29289 26
29312 6
29449 125
29457 4
29467 6
29478 1
29490 6
29603 103
29648 43
29656 7
29675 16
29831 150
29842 10
29932 79
30247 314
30264 16
30435 163
30694 252
30697 1
30762 55
30819 46
30821 1
30833 10
30857 21
30862 4
30937 74
31003 65
31034 19
31406 352
31469 57
31502 15
31537 18
31932 393
31941 5
31968 25
31972 2
31981 1
32005 22
32164 152
32178 6
32700 518
32739 38
32747 1
32753 5
32773 15
33551 767
33575 18
33844 259
33860 15
33868 6
33948 78
34084 132
34377 292
34381 1
34499 107
34700 199
35004 299
35095 81
35275 164
35326 42
35833 497
35895 57
36041 139
36099 44
36539 439
36546 2
36557 9
36890 325
36936 40
36944 1
36969 14
36991 19
37384 373
37448 57
37459 1
37511 50
37518 1
37529 9
37561 30
37902 339
37913 9
37926 10
38013 86
38026 2
38099 69
38118 16
38149 30
38155 4
38269 109
38526 255
38827 298
38835 3
38841 4
38903 54
38909 5
39602 691
40066 459
40086 8
40352 265
40368 7
40422 52
40500 72
40507 5
40550 40
40553 2
40564 1
40763 195
40776 3
40801 24
40844 42
41280 435
41308 25
41310 1
41323 4
41385 48
41397 1
41411 1
41594 174
41599 4
41604 1
41813 203
41846 8
41858 6
42022 154
42033 10
42083 48
42090 1
42093 2
42100 2
42122 18
42327 202
42404 74
42416 9
42437 12
42714 272
42785 50
42796 4
42815 18
42832 5
42869 34
43207 320
43373 163
43377 1
43763 375
43768 1
43778 8
43812 31
44017 201
44311 286
44883 568
44910 23
44944 28
44950 4
45143 187
45177 18
45205 24
45224 9
46348 1119
46747 391
47097 346
47106 6
47494 370
47521 19
47536 12
47588 49
47606 15
47655 47
47659 1
48142 480
48258 110
48314 45
48318 3
48494 171
48511 15
48851 335
48879 27
48887 6
48892 4
48932 39
48964 27
49064 88
49190 120
49224 23
49484 255
49803 311
49813 7
49892 51
49936 38
50174 228
50241 63
50260 18
50608 342
50660 46
50698 27
51336 623
51479 142
51738 257
51777 20
52124 343
52258 133
52282 4
52296 11
52300 1
52315 1
52340 19
52443 101
52452 1
52475 19
52504 26
52541 34
52717 173
52736 12
52750 3
52871 119
52977 98
53020 41
53039 17
53043 3
53062 14
53064 1
53370 303
53379 8
53698 307
53706 2
53718 11
53733 12
53833 91
53847 10
53888 39
53901 7
54086 183
54121 32
54161 39
54325 160
54355 28
54822 465
54958 133
54975 6
55082 98
55100 16
55106 1
55117 8
55129 3
55253 122
55310 56
55360 49
55555 191
56203 645
56225 13
56832 606
56840 3
56860 15
57042 164
57306 262
57583 270
58033 448
58331 293
58336 4
58492 134
58598 98
58616 9
58829 212
59159 328
59165 1
59212 33
59277 63
60008 730
60035 23
60178 134
60184 4
60200 8
60394 193
60565 160
61530 964
61553 22
61844 289
61849 1
61884 34
61890 3
61903 10
62029 122
62548 517
63147 596
63165 16
63188 18
63199 9
63204 4
63352 147
63491 132
63497 1
63528 29
63540 8
63635 93
63648 12
63651 1
63659 5
63761 101
63767 2
63868 98
64338 465
64778 437
64835 53
65657 821
65671 12
65678 1
65719 37
65766 35
66181 410
66205 20
66215 7
66217 1
66251 33
66292 35
66294 1
66298 3
66423 115
66435 3
66441 5
66453 9
66567 112
66571 1
66587 14
66669 73
67268 594
67291 8
67328 34
67415 83
67582 166
67694 111
67715 20
68238 513
68245 4
68461 208
68550 86
69012 460
69078 63
69274 191
69361 83
69413 47
69493 79
69512 15
69595 74
69624 28
69632 1
69802 165
69810 1
69848 33
69874 23
70024 140
70376 345
70429 52
70439 4
70993 551
70996 2
71036 33
71056 13
71213 155
71319 97
71325 4
71349 17
71371 18
71398 17
71522 120
71935 409
71946 8
72034 79
72063 17
72069 3
72249 177
72388 134
73023 632
73031 1
73042 10
73057 8
73424 363
73427 1
73454 25
73603 148
74062 453
74069 4
74078 4
74109 12
74332 218
74362 27
74434 65
74678 243
74698 1
74737 35
74745 5
74760 14
74766 1
74768 1
74836 64
75846 1007
75857 10
75870 8
75984 110
75992 4
76086 90
76141 50
76144 1
76254 104
76303 45
76556 252
76594 23
76599 1
76714 113
76727 3
76736 1
76868 114
76998 129
77000 1
77307 283
77313 1
77420 103
77438 15
77581 135
77586 3
77601 9
77607 2
77793 175
78276 480
78359 75
78368 3
78596 215
78601 1
78821 216
78890 68
79207 310
79242 27
79630 385
79641 10
79780 131
79784 2
79808 3
79816 5
79835 18
80115 276
80120 1
80335 211
80704 365
80757 47
81568 810
81606 31
81626 1
82083 430
82486 394
82572 79
82622 46
83002 376
83151 143
83173 15
83176 1
83266 84
83461 192
83536 72
83570 30
83576 1
83583 2
83909 314
84250 329
84252 1
84676 420
84688 9
84986 296
85187 198
85324 130
85494 161
85517 18
86229 704
86338 105
86861 516
87017 153
87021 1
87026 1
87035 1
87051 13
87078 6
87161 70
87209 46
87227 1
87245 11
87579 328
87662 49
88166 501
88478 305
88981 496
89121 139
89149 21
89151 1
89226 74
89292 63
89321 21
89327 5
89334 5
89440 97
89565 122
89799 233
89815 14
89833 10
89898 60
89902 3
89909 5
89932 16
90057 124
90060 1
90105 44
90151 20
90166 6
90476 308
90483 3
90541 56
90641 93
90645 2
90661 8
90733 70
90754 20
90877 121
90880 2
90912 29
90920 5
90932 8
90937 3
91003 59
91322 317
91402 74
91460 52
91467 6
91473 2
91489 14
91498 8
92253 754
92317 56
92353 18
92427 66
92489 58
92551 60
92795 238
92878 80
93061 176
93065 1
93081 14
93116 34
93169 52
93171 1
93190 7
93252 59
93278 24
93292 12
93317 12
93330 10
93355 17
93437 78
93448 4
93492 38
93577 83
93652 73
93664 4
94125 458
94137 3
94153 15
94519 357
94526 2
94528 1
94533 1
94783 245
95194 399
95505 310
95532 22
95573 38
95576 2
95588 7
95616 1
96184 567
96197 8
96232 7
96406 169
96553 146
96564 1
96582 12
96680 95
96727 44
96960 230
97596 628
97645 48
98255 608
98373 114
98378 4
98396 5
98459 51
98469 1
98501 29
98862 360
98872 5
98883 4
98891 5
98927 35
99489 554
99593 94
99660 66
99672 2
