109 1
662 371
688 25
2166 1477
2988 821
2993 1
6176 3175
7648 1471
9736 2085
11398 1660
11448 47
14307 2854
15475 1167
15563 87
15566 2
15577 2
15652 74
16472 814
16505 32
18220 1709
20921 2699
20966 25
23921 2945
23936 2
24567 620
24902 329
24909 5
24973 61
38677 13700
38696 17
38703 6
40676 1970
40691 7
42445 1747
43609 1144
52407 8787
52413 1
52419 1
52421 1
53282 860
53312 26
53323 8
53330 3
57219 3886
57940 718
58933 986
58953 6
59387 430
59718 330
59721 1
60654 929
60743 85
60745 1
60895 147
60905 4
60916 2
60921 2
61208 280
61242 32
62194 950
62202 1
63908 1705
64116 202
64246 127
64496 246
64511 1
64521 1
71716 7191
71722 1
72187 462
72573 385
72592 16
77564 4963
77566 1
79572 1989
81089 1515
83625 2534
83702 74
83858 151
86460 2592
87775 1307
87778 1
87980 191
87983 1
90140 2154
91293 1151
93941 2647
95482 1528
95684 201
96309 614
98870 2558
98873 1
98901 19
99928 1011
