142 6
202 1
254 2
275 1
328 1
335 1
340 1
343 2
346 1
368 21
377 3
406 5
413 3
428 3
431 2
447 2
450 1
475 13
483 5
500 4
505 2
527 14
535 2
542 2
553 9
570 6
589 1
602 11
614 5
634 3
644 1
653 3
657 1
660 2
676 3
681 2
697 4
700 2
710 2
720 9
727 1
733 2
759 5
773 8
795 5
804 3
818 7
829 1
840 10
853 1
873 7
900 2
913 5
925 6
953 12
961 4
984 9
991 3
1001 7
1009 5
1017 1
1066 3
1076 2
1084 2
1107 9
1120 2
1133 1
1153 12
1169 5
1185 2
1197 7
1206 2
1213 3
1228 14
1241 10
1260 2
1276 3
1280 3
1288 3
1295 5
1301 2
1312 1
1335 5
1338 2
1344 4
1360 7
1380 8
1382 1
1390 7
1396 3
1405 4
1414 3
1420 3
1435 4
1452 11
1459 2
1467 3
1475 4
1487 10
1489 1
1496 1
1506 2
1527 7
1532 1
1540 5
1557 5
1563 3
1578 4
1589 5
1592 2
1607 5
1625 6
1636 8
1659 12
1663 3
1671 7
1690 2
1710 6
1716 2
1724 7
1738 12
1778 10
1804 6
1810 3
1819 3
1830 8
1843 4
1856 2
1866 1
1873 6
1876 2
1881 2
1891 3
1906 2
1908 1
1936 16
1951 3
1964 3
1983 7
1997 3
2011 3
2019 1
2040 6
2055 7
2063 6
2083 4
2092 3
2112 10
2115 2
2121 2
2127 4
2131 1
2134 2
2148 7
2156 5
2167 6
2179 2
2204 4
2225 1
2239 5
2245 4
2260 5
2273 1
2302 3
2323 2
2331 2
2337 3
2348 5
2376 20
2389 5
2409 1
2428 2
2450 20
2465 4
2482 13
2503 3
2511 3
2526 5
2548 1
2574 7
2578 3
2584 3
2591 4
2603 4
2615 7
2630 2
2636 5
2641 2
2647 4
2653 1
2660 4
2671 8
2683 6
2692 4
2699 2
2714 5
2726 3
2731 3
2765 13
2781 2
2799 13
2808 6
2812 2
2820 4
2828 5
2837 1
2869 5
2873 2
2884 8
2897 3
2914 3
2936 5
2944 3
2951 3
2961 2
2974 5
2979 4
2983 3
2990 3
3004 4
3013 5
3016 2
3025 2
3036 4
3046 6
3052 2
3061 2
3067 1
3077 8
3085 5
3095 2
3113 2
3125 2
3134 7
3138 2
3158 6
3173 4
3178 2
3181 2
3200 8
3220 11
3233 3
3254 6
3272 10
3290 5
3293 2
3314 8
3319 1
3329 4
3353 18
3369 2
3379 3
3382 1
3390 4
3402 4
3406 3
3424 4
3434 3
3448 9
3468 12
3483 3
3486 1
3510 6
3515 3
3520 4
3533 10
3540 3
3554 4
3560 2
3566 4
3573 3
3598 4
3600 1
3603 2
3614 3
3630 10
3644 2
3686 7
3696 9
3723 3
3731 5
3758 2
3776 9
3815 2
3824 2
3854 3
3863 4
3870 3
3878 7
3885 1
3915 2
3923 3
3931 7
3940 4
3948 2
3972 13
3985 11
4002 5
4009 3
4023 2
4044 9
4052 3
4056 1
4072 6
4084 2
4090 5
4102 6
4133 5
4135 1
4163 5
4178 9
4199 10
4212 9
4224 1
4230 2
4240 2
4247 2
4253 2
4260 2
4270 6
4279 3
4294 3
4300 3
4313 6
4325 6
4339 9
4353 3
4368 4
4373 2
4392 2
4398 5
4405 4
4417 4
4439 3
4451 4
4470 2
4489 2
4499 4
4514 7
4532 4
4538 2
4555 14
4576 5
4585 2
4603 1
4614 10
4621 2
4627 4
4636 7
4649 3
4684 15
4687 2
4707 2
4712 2
4716 3
4734 9
4740 2
4756 4
4766 3
4774 5
4779 4
4791 1
4804 10
4812 4
4819 5
4827 2
4860 7
4879 2
4889 3
4893 2
4905 7
4921 9
4930 3
4949 10
4951 1
4967 4
4987 2
5000 1
5011 3
5025 4
5032 6
5048 5
5060 4
5074 4
5088 3
5098 6
5104 2
5114 2
5122 3
5131 6
5144 3
5148 2
5157 2
5190 1
5204 2
5220 9
5236 3
5247 6
5258 2
5263 4
5278 9
5305 5
5311 1
5320 7
5328 7
5343 8
5351 5
5362 1
5370 6
5377 1
5384 6
5421 6
5431 1
5436 1
5446 2
5465 3
5470 4
5479 5
5488 6
5503 12
5530 4
5542 5
5561 5
5592 11
5613 7
5629 5
5643 3
5661 14
5665 1
5678 8
5693 2
5711 2
5723 9
5737 2
5742 3
5748 1
5753 4
5761 2
5765 1
5783 11
5785 1
5794 3
5798 1
5809 4
5819 6
5828 3
5844 5
5860 7
5877 4
5887 5
5900 8
5916 4
5931 8
5940 2
5954 2
5958 3
5967 4
5971 2
5986 8
5998 4
6010 3
6020 2
6025 2
6037 3
6052 9
6068 2
6077 5
6084 3
6102 14
6108 1
6115 6
6129 10
6150 3
6154 2
6159 4
6166 3
6193 3
6199 3
6204 4
6212 3
6226 3
6233 3
6238 3
6249 2
6257 7
6269 1
6277 3
6285 2
6291 5
6324 4
6338 3
6352 3
6357 1
6360 2
6365 2
6379 1
6388 8
6400 1
6417 4
6433 3
6444 5
6451 5
6469 10
6481 4
6508 5
6511 1
6535 3
6540 3
6551 6
6558 6
6575 3
6585 1
6594 1
6600 2
6613 6
6664 6
6673 2
6698 5
6711 1
6723 11
6751 19
6772 3
6781 2
6794 7
6802 2
6814 2
6829 8
6836 6
6847 4
6859 2
6865 1
6875 2
6889 6
6903 10
6911 4
6920 6
6925 4
6946 13
6960 8
6984 2
7009 17
7020 3
7022 1
7027 2
7041 6
7049 3
7065 11
7070 3
7091 5
7097 3
7111 12
7122 4
7127 2
7138 3
7144 4
7179 29
7185 4
7192 2
7204 5
7211 3
7213 1
7220 6
7238 17
7244 1
7255 1
7266 5
7275 3
7280 2
7300 2
7318 13
7342 18
7345 2
7348 2
7360 11
7368 2
7381 12
7394 3
7404 2
7411 2
7418 4
7430 2
7461 18
7466 3
7481 12
7503 15
7513 1
7517 3
7520 2
7531 6
7538 4
7556 10
7565 8
7569 3
7576 5
7600 2
7612 10
7626 7
7648 2
7652 1
7659 2
7668 4
7700 2
7713 3
7719 3
7729 4
7741 1
7757 6
7778 8
7782 1
7808 3
7815 5
7836 3
7845 6
7852 4
7879 13
7901 9
7910 8
7916 4
7926 8
7935 4
7943 2
7968 2
7981 9
7996 4
8003 3
8031 2
8044 8
8050 4
8060 3
8063 2
8077 5
8080 2
8085 2
8087 1
8105 4
8119 3
8129 8
8145 14
8158 5
8163 1
8178 4
8191 1
8237 7
8252 3
8260 6
8268 1
8278 3
8287 4
8320 24
8340 11
8352 3
8357 2
8369 6
8375 3
8380 4
8397 3
8404 1
8407 1
8411 2
8424 5
8431 2
8458 5
8469 2
8482 2
8491 8
8500 2
8513 7
8530 7
8538 2
8548 2
8555 3
8566 5
8568 1
8574 4
8587 2
8615 5
8620 2
8629 7
8639 6
8647 5
8652 2
8681 6
8692 4
8703 6
8725 4
8740 2
8745 1
8759 2
8763 1
8777 5
8788 2
8805 7
8827 4
8838 3
8856 8
8863 5
8883 6
8889 4
8894 4
8904 5
8913 1
8923 2
8937 8
8950 9
8958 1
8965 4
8977 1
8989 2
8993 1
9002 5
9019 2
9040 9
9053 6
9062 1
9068 3
9079 4
9100 2
9109 1
9126 6
9137 2
9163 9
9184 5
9191 2
9199 7
9203 2
9240 5
9246 3
9263 4
9274 10
9299 9
9307 7
9319 6
9324 3
9327 2
9335 2
9345 6
9349 2
9353 2
9361 6
9364 2
9372 5
9385 1
9392 6
9394 1
9404 8
9414 5
9436 4
9444 7
9452 3
9459 3
9488 11
9498 1
9504 2
9524 5
9536 5
9560 12
9570 7
9584 7
9602 3
9617 12
9624 4
9645 5
9659 5
9661 1
9666 1
9704 5
9707 1
9718 2
9731 5
9737 4
9758 9
9766 4
9785 6
9809 16
9814 3
9819 4
9822 1
9826 2
9838 3
9843 4
9853 2
9861 5
9867 2
9871 2
9878 4
9885 2
9912 8
9921 5
9923 1
9935 2
9944 5
9951 1
9966 11
9972 2
9978 2
9989 1
9999 3
10008 7
10030 12
10043 3
10055 5
10069 11
10081 9
10093 4
10099 3
10103 3
10121 3
10132 5
10138 4
10151 5
10163 4
10177 7
10212 14
10232 12
10237 2
10244 5
10274 2
10283 5
10286 2
10299 5
10306 4
10311 2
10335 10
10362 11
10382 2
10418 19
10442 7
10457 12
10471 6
10488 1
10498 4
10508 3
10514 2
10520 5
10528 5
10533 4
10543 6
10549 2
10569 6
10584 10
10596 4
10618 9
10630 4
10640 2
10650 3
10689 12
10703 4
10719 1
10722 2
10728 1
10739 10
10751 3
10755 1
10762 2
10774 5
10805 5
10821 8
10828 2
10832 2
10836 3
10864 3
10881 3
10889 2
10922 16
10931 3
10937 5
10958 9
10969 9
10978 1
10985 3
10997 6
11006 4
11018 8
11041 8
11047 5
11056 5
11068 4
11086 5
11092 2
11098 3
11104 1
11110 1
11112 1
11123 5
11152 2
11156 2
11164 5
11168 3
11175 5
11181 4
11199 9
11206 2
11227 16
11237 3
11241 2
11265 10
11272 2
11284 7
11295 1
11307 8
11313 5
11329 6
11337 4
11345 7
11362 8
11365 2
11385 5
11397 1
11403 1
11407 2
11418 5
11434 6
11441 5
11446 2
11461 2
11489 2
11504 1
11523 3
11536 1
11548 3
11557 3
11565 5
11599 3
11603 2
11638 12
11648 1
11656 2
11662 4
11665 1
11678 1
11683 1
11696 10
11704 4
11714 1
11734 4
11762 21
11784 3
11793 3
11804 5
11809 3
11822 7
11829 3
11852 9
11863 5
11870 5
11878 2
11890 2
11895 2
11902 3
11920 5
11929 4
11932 2
11950 4
11964 9
11979 1
11991 7
11998 4
12010 2
12022 5
12041 8
12054 9
12058 1
12082 3
12089 5
12104 4
12108 3
12115 5
12121 1
12132 5
12142 2
12154 2
12158 3
12166 3
12173 2
12199 4
12222 6
12226 2
12241 2
12251 1
12254 1
12258 2
12267 5
12275 3
12293 6
12309 4
12313 3
12331 4
12345 4
12361 4
12384 6
12394 2
12438 3
12452 9
12471 3
12482 5
12491 1
12498 2
12509 2
12512 1
12534 7
12541 1
12555 12
12581 2
12583 1
12609 19
12611 1
12616 4
12645 23
12657 3
12663 5
12712 4
12716 2
12730 4
12758 19
12766 4
12781 3
12795 1
12807 1
12811 3
12829 7
12841 6
12846 2
12854 4
12864 3
12872 6
12886 12
12892 1
12907 7
12914 4
12931 3
12950 13
12962 5
12981 3
12986 2
12988 1
12994 2
13001 3
13017 2
13028 2
13041 2
13058 2
13079 4
13087 1
13096 5
13101 4
13108 2
13126 3
13137 7
13157 3
13160 1
13187 2
13190 1
13194 1
13212 7
13230 1
13262 3
13283 2
13291 4
13297 2
13303 3
13311 5
13326 13
13341 10
13358 2
13372 7
13384 6
13413 2
13428 11
13441 6
13453 2
13461 1
13464 2
13488 6
13497 1
13504 2
13515 8
13525 4
13537 1
13553 10
13561 6
13573 4
13582 6
13586 3
13593 6
13600 2
13603 1
13605 1
13610 2
13617 5
13626 3
13635 8
13644 8
13653 1
13667 5
13675 5
13680 3
13686 3
13699 3
13705 4
13712 5
13723 2
13728 4
13731 1
13738 6
13748 3
13775 1
13782 6
13790 3
13795 1
13818 20
13830 8
13841 4
13848 1
13873 6
13879 2
13882 2
13891 3
13902 2
13937 2
13959 10
14000 2
14009 3
14017 2
14027 5
14037 4
14043 2
14061 1
14083 16
14088 4
14096 6
14100 2
14105 1
14116 9
14125 5
14131 4
14148 5
14159 4
14170 3
14177 5
14193 9
14204 1
14210 2
14223 2
14235 2
14261 3
14272 3
14299 2
14314 3
14322 7
14341 2
14361 3
14366 1
14382 5
14387 3
14409 4
14428 2
14441 8
14446 3
14451 3
14455 2
14464 3
14467 1
14496 8
14511 2
14525 7
14533 4
14541 4
14546 2
14558 2
14565 5
14571 3
14579 5
14586 4
14595 2
14605 2
14614 3
14621 2
14631 5
14641 5
14659 12
14666 3
14671 3
14684 11
14692 4
14697 4
14704 5
14708 2
14723 9
14732 2
14739 1
14743 2
14754 3
14764 5
14778 2
14780 1
14789 3
14793 2
14797 2
14809 4
14816 5
14823 6
14830 5
14844 7
14855 2
14867 1
14880 5
14884 3
14907 10
14921 2
14930 3
14947 6
14955 4
14999 5
15006 2
15014 2
15056 4
15064 4
15072 7
15088 2
15101 7
15108 2
15116 6
15123 3
15126 2
15131 3
15140 3
15149 2
15177 5
15185 4
15208 11
15213 3
15222 2
15229 2
15262 2
15267 4
15314 21
15320 3
15338 3
15356 6
15380 1
15391 4
15402 9
15411 3
15414 2
15422 3
15441 5
15452 5
15471 11
15499 3
15533 3
15546 2
15579 2
15589 2
15599 9
15608 5
15617 1
15629 6
15636 6
15646 3
15657 1
15668 7
15713 8
15734 1
15751 13
15763 7
15777 2
15781 1
15796 2
15804 2
15824 1
15837 3
15855 4
15865 2
15892 5
15897 3
15918 4
15924 5
15950 5
15959 3
15983 3
15991 4
16004 9
16031 16
16044 4
16051 6
16072 3
16092 9
16134 1
16165 14
16178 3
16181 2
16193 5
16215 4
16233 6
16250 4
16256 2
16263 4
16271 6
16277 1
16295 2
16306 2
16352 2
16363 6
16397 5
16405 6
16414 2
16437 13
16440 2
16454 6
16464 2
16471 5
16479 3
16488 3
16517 7
16528 3
16536 4
16544 5
16555 1
16565 4
16590 11
16594 3
16599 2
16608 2
16620 6
16629 7
16641 2
16651 6
16656 2
16683 14
16706 19
16727 10
16738 10
16746 2
16778 2
16806 6
16825 16
16839 6
16848 3
16854 1
16868 5
16874 3
16883 5
16894 2
16900 4
16908 7
16916 2
16929 2
16941 2
16960 2
16969 2
16980 2
16985 2
16996 3
17001 2
17007 4
17010 2
17017 5
17021 3
17029 6
17052 7
17060 4
17066 1
17090 5
17108 9
17132 2
17135 1
17146 8
17156 3
17165 7
17171 4
17184 5
17195 1
17201 2
17227 14
17236 3
17239 1
17246 2
17267 6
17272 2
17293 19
17306 2
17331 1
17356 2
17360 3
17366 2
17375 3
17380 3
17383 2
17405 3
17422 3
17427 2
17434 5
17440 2
17457 3
17474 10
17492 4
17509 9
17517 3
17538 2
17559 1
17570 7
17575 4
17591 1
17596 2
17601 4
17609 6
17618 3
17628 1
17631 2
17645 1
17666 17
17676 6
17681 4
17706 23
17732 4
17748 3
17756 4
17759 2
17786 5
17801 5
17822 2
17831 4
17862 21
17867 4
17881 1
17894 11
17903 6
17911 6
17916 4
17926 7
17929 2
17942 11
17962 1
17989 5
18016 5
18031 9
18068 2
18087 13
18104 3
18123 14
18134 2
18146 8
18160 6
18167 1
18171 3
18180 5
18196 4
18205 8
18238 23
18260 18
18270 3
18279 4
18283 2
18292 3
18301 6
18314 2
18341 3
18345 3
18350 2
18354 2
18359 1
18373 5
18394 4
18402 1
18415 1
18449 13
18454 2
18472 17
18479 3
18485 3
18507 13
18513 2
18544 3
18556 11
18563 5
18568 1
18577 5
18593 3
18595 1
18613 1
18638 10
18641 2
18651 5
18654 2
18658 2
18667 2
18687 8
18693 4
18709 11
18711 1
18717 4
18732 12
18763 14
18767 3
18797 26
18805 2
18813 4
18818 4
18836 14
18854 2
18873 3
18887 1
18899 2
18913 5
18926 5
18934 3
18943 3
18952 4
18957 4
18970 4
18978 6
18983 3
19005 1
19027 2
19033 3
19056 6
19062 2
19068 3
19083 8
19107 3
19116 2
19118 1
19123 2
19137 2
19155 5
19172 1
19189 2
19199 1
19212 12
19222 2
19232 1
19242 4
19256 2
19266 3
19273 6
19278 3
19293 2
19298 4
19306 2
19334 14
19343 6
19345 1
19365 14
19370 3
19385 2
19392 3
19399 3
19412 5
19415 2
19421 5
19433 8
19445 5
19484 6
19488 2
19496 1
19505 5
19542 4
19549 1
19563 1
19571 2
19584 5
19614 14
19623 6
19637 12
19643 2
19659 6
19668 7
19681 4
19701 4
19711 3
19729 13
19736 2
19753 8
19776 16
19789 4
19796 3
19803 1
19812 4
19816 3
19818 1
19828 1
19836 5
19850 3
19865 5
19879 5
19898 1
19915 5
19925 4
19949 8
19957 3
19961 3
19978 10
19986 3
19998 6
20005 2
20020 6
20037 9
20049 5
20052 2
20059 6
20075 1
20087 2
20101 4
20109 3
20130 3
20143 3
20154 5
20186 1
20194 3
20221 16
20223 1
20237 2
20254 3
20269 6
20271 1
20275 1
20281 5
20302 2
20319 9
20334 6
20338 2
20344 2
20352 2
20374 18
20407 6
20418 8
20433 1
20457 17
20473 4
20481 4
20486 2
20495 6
20509 2
20518 2
20522 1
20536 10
20578 5
20585 2
20597 3
20601 3
20606 3
20611 2
20625 4
20637 4
20642 2
20647 1
20651 2
20663 5
20676 6
20683 6
20701 17
20705 1
20710 3
20718 2
20721 1
20750 6
20770 17
20780 1
20786 2
20801 1
20804 2
20825 4
20836 4
20856 15
20873 5
20879 3
20895 1
20900 3
20917 5
20925 1
20935 4
20938 2
20949 10
20960 7
20962 1
20976 1
20980 1
20989 2
20994 3
21007 3
21011 3
21015 1
21020 2
21035 13
21083 6
21097 5
21103 2
21110 4
21131 7
21146 12
21154 5
21170 2
21175 1
21183 2
21204 7
21210 5
21232 7
21260 13
21285 5
21298 1
21308 8
21319 7
21349 5
21358 1
21376 3
21391 4
21395 2
21450 13
21464 12
21490 14
21505 10
21523 5
21533 3
21541 1
21559 6
21574 5
21580 2
21591 1
21594 2
21603 3
21608 1
21618 5
21628 1
21639 10
21660 6
21666 2
21673 2
21679 4
21695 15
21706 7
21720 10
21742 10
21756 2
21762 3
21773 6
21787 13
21796 8
21819 1
21824 1
21832 4
21839 3
21853 7
21877 2
21880 2
21888 7
21892 3
21902 1
21908 3
21928 4
21932 3
21937 4
21953 9
21960 3
21972 3
21976 3
21984 3
21999 12
22010 1
22036 19
22043 6
22046 2
22078 8
22088 7
22100 4
22102 1
22116 6
22119 1
22142 8
22159 2
22171 2
22174 2
22178 2
22191 5
22196 2
22215 16
22221 3
22234 4
22245 7
22250 3
22254 2
22267 2
22278 5
22295 7
22313 12
22323 5
22328 3
22341 12
22352 1
22361 5
22380 5
22397 13
22401 2
22414 9
22428 3
22441 3
22456 6
22463 4
22465 1
22471 4
22474 2
22480 2
22482 1
22490 5
22503 8
22512 4
22516 1
22543 21
22549 4
22552 2
22560 2
22568 2
22577 5
22615 3
22635 2
22638 2
22647 4
22653 5
22663 6
22687 21
22699 6
22709 7
22724 2
22745 1
22755 5
22761 3
22767 5
22786 5
22807 6
22824 3
22832 3
22838 1
22857 7
22866 1
22885 9
22906 13
22917 5
22935 7
22938 1
22947 3
22953 4
22965 2
22994 4
23011 2
23040 18
23054 4
23068 10
23077 1
23091 12
23116 9
23121 2
23142 8
23158 2
23170 2
23188 4
23195 4
23204 6
23222 3
23231 7
23241 9
23244 2
23257 4
23269 1
23286 12
23311 18
23315 3
23330 1
23345 2
23357 8
23378 5
23386 4
23396 9
23405 1
23418 5
23428 4
23467 5
23487 3
23492 4
23515 9
23522 1
23530 2
23536 5
23545 3
23554 2
23562 2
23568 4
23592 2
23596 3
23610 1
23615 4
23623 3
23637 11
23640 1
23644 3
23654 2
23671 4
23676 2
23685 7
23705 12
23721 6
23724 2
23730 2
23735 2
23747 6
23753 4
23767 10
23779 2
23783 2
23795 6
23822 16
23828 5
23840 9
23851 1
23858 5
23863 3
23877 1
23884 5
23898 8
23919 18
23925 2
23930 1
23934 2
23954 4
23966 5
23974 4
24002 13
24010 2
24019 3
24026 1
24038 4
24041 2
24054 5
24074 2
24086 7
24092 2
24100 3
24126 6
24132 3
24159 3
24163 2
24170 3
24179 5
24185 3
24193 1
24210 8
24248 11
24269 20
24278 1
24282 2
24304 13
24314 5
24320 2
24341 7
24355 10
24362 4
24369 4
24380 1
24382 1
24394 3
24401 5
24412 6
24421 1
24425 3
24430 4
24435 4
24454 12
24458 1
24469 4
24488 5
24491 1
24498 5
24505 2
24518 2
24524 4
24532 2
24550 16
24559 6
24563 2
24583 7
24586 2
24601 4
24613 7
24630 12
24633 2
24637 1
24650 1
24663 5
24668 4
24682 9
24692 2
24696 1
24699 1
24704 3
24711 2
24731 9
24735 2
24746 7
24758 9
24777 5
24782 3
24792 3
24808 12
24813 3
24824 5
24830 2
24834 2
24850 2
24859 7
24866 4
24872 3
24891 8
24900 2
24937 12
24951 2
24963 10
24970 2
24977 3
25000 2
25015 12
25037 19
25073 8
25076 1
25095 3
25126 2
25135 2
25141 2
25149 4
25155 1
25163 3
25175 2
25184 2
25203 1
25220 5
25232 6
25270 16
25291 2
25299 6
25306 2
25322 1
25332 8
25342 3
25372 28
25406 2
25424 12
25433 6
25438 2
25443 2
25457 3
25477 17
25500 7
25538 8
25554 2
25557 2
25569 5
25573 2
25579 3
25584 2
25587 1
25596 3
25604 5
25664 5
25670 1
25673 2
25679 2
25698 8
25716 3
25738 14
25748 2
25755 1
25768 2
25779 7
25787 3
25789 1
25795 2
25820 4
25823 2
25848 5
25854 2
25858 1
25866 2
25890 18
25907 4
25911 3
25916 4
25920 1
25923 1
25926 2
25947 19
25960 4
26002 14
26035 5
26047 4
26051 2
26060 4
26065 3
26088 3
26100 2
26116 1
26132 4
26154 12
26158 1
26169 1
26187 10
26192 1
26208 3
26230 1
26242 3
26262 2
26270 7
26272 1
26278 4
26283 2
26302 16
26318 4
26326 4
26337 6
26342 3
26344 1
26357 1
26400 2
26407 3
26414 3
26426 2
26441 2
26450 5
26470 5
26484 8
26497 4
26502 1
26510 2
26529 5
26533 3
26542 8
26553 6
26557 1
26569 11
26618 11
26626 4
26643 16
26657 3
26705 9
26731 7
26751 5
26756 2
26766 1
26774 6
26780 2
26783 2
26804 4
26814 6
26828 5
26847 2
26859 8
26874 11
26881 4
26890 2
26909 8
26912 1
26916 3
26930 2
26942 2
26946 3
26963 4
26986 2
26996 2
27004 5
27036 4
27059 1
27067 3
27073 3
27081 2
27090 6
27136 7
27150 5
27193 3
27215 3
27243 23
27256 1
27264 5
27278 8
27288 7
27308 2
27339 4
27349 2
27353 2
27363 1
27374 2
27381 6
27392 9
27406 5
27414 7
27430 15
27435 1
27452 4
27463 3
27465 1
27479 2
27503 16
27532 4
27538 5
27546 2
27559 7
27570 2
27574 2
27578 2
27604 10
27609 2
27617 1
27625 4
27635 7
27644 1
27663 5
27683 6
27696 2
27709 1
27732 3
27734 1
27740 3
27771 3
27777 3
27789 3
27796 3
27808 3
27827 7
27839 2
27860 5
27878 3
27888 9
27900 6
27912 4
27925 7
27928 1
27936 6
27939 1
27948 3
27970 5
27979 3
27989 3
27994 3
27999 3
28009 3
28016 6
28028 3
28034 3
28061 8
28077 7
28089 4
28096 2
28104 5
28116 9
28123 3
28126 2
28156 2
28165 1
28177 3
28195 7
28206 6
28213 6
28224 4
28240 3
28251 8
28269 4
28279 3
28292 7
28297 1
28316 17
28321 2
28331 4
28340 6
28354 1
28362 1
28377 10
28408 20
28444 10
28446 1
28454 1
28472 9
28486 3
28497 4
28503 3
28515 2
28526 4
28529 2
28534 4
28542 2
28550 1
28577 1
28585 7
28602 4
28621 9
28623 1
28630 6
28655 17
28675 4
28694 6
28705 4
28707 1
28711 3
28719 3
28730 4
28746 9
28761 6
28766 3
28799 5
28817 4
28829 6
28848 1
28874 5
28889 8
28902 2
28908 4
28913 2
28932 8
28943 4
28950 4
28960 6
28977 4
28992 3
29001 3
29019 9
29026 4
29037 3
29053 1
29065 10
29075 4
29089 4
29094 3
29104 7
29111 6
29121 6
29130 4
29133 2
29143 8
29165 8
29179 4
29183 2
29208 10
29215 2
29245 12
29251 3
29273 1
29281 6
29307 4
29322 2
29330 7
29339 2
29347 3
29358 6
29383 5
29392 3
29409 12
29431 6
29438 2
29441 1
29444 2
29455 2
29464 7
29475 2
29483 3
29500 4
29509 7
29527 2
29555 3
29560 3
29578 6
29588 2
29593 3
29611 2
29630 9
29633 1
29638 4
29657 5
29666 4
29671 2
29683 6
29698 7
29703 2
29717 3
29732 7
29749 5
29753 2
29769 9
29774 3
29778 3
29794 3
29801 2
29804 1
29815 6
29819 3
29831 4
29839 3
29850 5
29854 1
29868 10
29902 5
29909 6
29916 5
29932 5
29936 2
29941 2
29952 8
29963 5
29966 1
29976 9
30000 2
30005 2
30032 15
30041 3
30049 1
30066 2
30074 2
30089 6
30107 3
30116 3
30124 2
30138 8
30146 2
30164 16
30169 2
30196 8
30206 7
30213 1
30217 3
30230 2
30236 4
30243 2
30273 2
30276 1
30279 2
30287 2
30295 5
30306 6
30315 8
30331 4
30342 4
30348 2
30360 9
30383 7
30408 11
30422 8
30438 2
30481 18
30488 1
30501 1
30513 1
30522 8
30550 6
30566 3
30572 2
30580 3
30590 7
30599 6
30618 13
30625 6
30641 6
30677 5
30683 3
30690 1
30708 1
30727 7
30731 2
30736 4
30745 1
30764 3
30777 4
30782 3
30840 10
30846 2
30856 4
30867 3
30878 3
30886 5
30895 5
30919 4
30928 5
30939 8
30958 15
30969 3
30976 2
31000 3
31008 2
31013 4
31016 1
31028 3
31038 3
31047 2
31051 3
31056 3
31060 3
31069 4
31079 7
31091 9
31105 1
31112 4
31126 10
31142 9
31164 2
31186 3
31194 2
31209 11
31212 1
31227 7
31235 1
31246 2
31259 6
31269 3
31275 2
31279 2
31290 1
31305 2
31315 1
31317 1
31326 1
31338 1
31341 2
31351 8
31357 3
31369 2
31388 16
31403 8
31408 3
31412 2
31424 3
31434 3
31451 12
31456 4
31460 2
31481 4
31486 3
31497 10
31514 3
31525 6
31535 6
31542 3
31547 3
31555 2
31563 6
31578 2
31581 2
31612 2
31631 2
31638 4
31654 2
31659 3
31671 4
31684 7
31688 2
31696 5
31711 8
31724 4
31738 2
31750 2
31755 4
31768 6
31774 4
31782 5
31808 1
31820 4
31825 1
31834 1
31847 5
31852 2
31860 7
31883 21
31906 2
31908 1
31923 5
31927 2
31948 11
31954 1
31960 4
31984 10
31998 4
32003 3
32023 9
32035 4
32044 4
32052 3
32063 10
32080 2
32089 3
32103 2
32112 3
32116 3
32121 3
32126 2
32133 2
32142 5
32160 1
32171 4
32190 3
32204 10
32216 10
32237 2
32257 2
32265 3
32276 6
32279 1
32302 6
32318 7
32330 5
32348 5
32353 4
32369 15
32383 13
32386 1
32394 5
32405 2
32418 5
32425 3
32438 12
32447 1
32450 2
32456 2
32466 2
32476 4
32483 6
32488 4
32499 2
32514 2
32532 2
32537 2
32541 1
32548 5
32554 3
32580 3
32590 2
32610 2
32617 6
32640 10
32644 3
32690 3
32698 5
32710 3
32716 2
32732 2
32744 4
32750 3
32757 1
32769 2
32791 7
32831 5
32846 8
32859 3
32871 1
32885 11
32899 13
32911 3
32923 7
32927 2
32936 5
32961 15
32972 2
32984 8
32991 2
33001 4
33005 2
33023 2
33036 2
33039 2
33045 2
33059 13
33073 1
33083 3
33096 2
33118 1
33136 7
33143 2
33154 6
33166 10
33170 3
33179 1
33202 1
33207 2
33230 1
33233 1
33243 3
33253 3
33261 7
33274 2
33277 1
33301 12
33321 12
33340 8
33345 1
33354 6
33358 2
33363 1
33390 18
33397 3
33404 3
33417 3
33431 6
33442 2
33449 5
33494 27
33504 5
33511 4
33526 7
33548 12
33555 2
33564 3
33571 2
33579 2
33583 1
33588 2
33595 2
33601 1
33615 3
33627 4
33643 12
33659 3
33665 2
33688 16
33725 3
33742 13
33753 6
33785 7
33801 9
33807 2
33817 2
33824 2
33836 3
33842 3
33851 5
33874 21
33880 2
33925 2
33930 3
33956 5
33961 2
33977 4
33986 1
33992 4
34008 15
34012 1
34018 1
34020 1
34035 9
34046 2
34052 4
34059 2
34066 4
34075 6
34082 3
34107 21
34123 3
34140 7
34148 3
34166 3
34176 6
34192 4
34201 8
34207 4
34224 1
34243 5
34254 1
34258 3
34272 2
34275 2
34286 2
34307 19
34318 10
34347 15
34351 3
34358 4
34367 5
34373 1
34385 7
34391 5
34404 2
34420 8
34437 3
34443 2
34447 3
34457 2
34460 2
34463 1
34475 4
34480 2
34487 3
34494 5
34507 8
34518 2
34523 3
34537 9
34543 1
34552 1
34557 3
34563 3
34570 6
34578 3
34588 3
34600 3
34606 2
34616 3
34630 13
34635 3
34659 8
34662 2
34668 2
34676 2
34693 11
34721 2
34730 6
34735 2
34751 2
34758 3
34768 8
34778 9
34798 1
34800 1
34826 5
34830 2
34842 7
34850 2
34856 3
34864 3
34877 10
34889 3
34904 1
34913 3
34939 4
34947 2
34956 3
34969 9
34984 6
34996 4
35014 2
35023 5
35032 2
35048 3
35051 2
35061 6
35069 4
35077 2
35096 15
35100 3
35109 5
35127 7
35132 4
35136 3
35148 2
35163 11
35177 8
35189 2
35194 2
35203 1
35212 6
35225 7
35236 6
35250 13
35263 4
35283 4
35287 1
35293 2
35314 6
35350 18
35362 6
35373 1
35384 5
35390 4
35435 10
35446 4
35457 8
35484 19
35499 2
35502 1
35512 5
35528 3
35536 3
35576 14
35595 17
35614 11
35618 2
35624 2
35626 1
35631 3
35637 5
35642 2
35664 2
35676 2
35693 10
35701 1
35733 14
35744 1
35756 2
35766 3
35769 2
35783 4
35792 5
35810 16
35816 5
35823 1
35837 2
35865 18
35872 3
35890 3
35895 4
35901 2
35937 6
35953 3
35978 6
35990 3
35997 4
36006 3
36022 6
36036 4
36044 4
36048 2
36065 6
36068 2
36077 7
36083 2
36111 3
36130 2
36140 3
36151 5
36173 7
36185 3
36188 2
36202 2
36208 3
36216 3
36224 1
36230 5
36236 4
36241 2
36249 2
36270 9
36287 3
36291 3
36307 1
36356 11
36361 4
36383 8
36389 2
36396 4
36418 1
36427 6
36448 10
36451 2
36459 2
36471 4
36475 1
36486 3
36490 2
36508 4
36512 1
36524 3
36550 6
36583 3
36593 3
36604 2
36607 2
36611 3
36622 3
36638 7
36644 3
36651 2
36678 5
36698 19
36732 5
36746 5
36767 4
36786 11
36791 2
36820 18
36844 4
36851 3
36863 4
36881 4
36898 6
36904 3
36934 13
36944 2
36951 3
36961 3
36968 4
36990 6
37000 2
37012 8
37038 5
37041 2
37065 17
37085 8
37100 1
37109 2
37127 11
37134 4
37142 3
37163 4
37196 22
37211 9
37224 5
37245 5
37257 9
37261 1
37284 6
37288 3
37295 2
37302 3
37322 17
37327 3
37337 2
37343 3
37364 3
37381 3
37387 3
37391 2
37397 1
37401 3
37405 3
37415 4
37424 1
37426 1
37430 2
37439 1
37447 5
37458 2
37475 8
37487 6
37506 6
37514 6
37522 5
37532 4
37540 3
37553 7
37561 5
37567 2
37579 8
37582 2
37586 3
37601 1
37642 4
37652 3
37663 2
37672 2
37686 13
37698 7
37708 3
37730 7
37746 4
37752 3
37777 1
37791 8
37803 1
37815 1
37820 3
37844 16
37857 5
37871 5
37876 4
37880 2
37888 1
37906 17
37910 2
37918 6
37946 15
37958 8
37974 13
37984 1
38019 14
38026 3
38031 4
38049 12
38059 4
38079 15
38091 5
38097 5
38104 6
38130 6
38158 25
38162 2
38169 1
38188 1
38194 3
38201 4
38215 9
38223 3
38231 2
38250 6
38255 2
38277 11
38280 1
38303 2
38313 5
38329 11
38334 4
38348 1
38357 6
38362 1
38394 20
38411 15
38420 2
38425 3
38434 8
38455 8
38465 4
38477 5
38481 2
38495 12
38500 2
38505 3
38511 3
38519 7
38550 4
38558 6
38565 3
38573 5
38589 3
38606 3
38643 10
38653 6
38671 10
38702 6
38705 2
38711 1
38723 2
38729 1
38739 2
38763 5
38769 5
38774 3
38790 3
38799 6
38809 6
38820 5
38831 6
38856 16
38868 2
38873 4
38884 4
38907 16
38932 3
38942 4
38949 3
38968 4
38981 5
38986 2
39013 4
39020 4
39043 2
39051 6
39065 2
39086 2
39095 2
39105 1
39110 4
39118 3
39125 1
39136 10
39151 2
39154 2
39173 10
39184 10
39200 6
39209 2
39227 14
39240 4
39258 6
39271 2
39284 12
39290 2
39298 6
39337 20
39354 7
39364 2
39402 17
39431 6
39437 4
39445 4
39472 6
39488 2
39498 6
39508 6
39533 18
39547 5
39556 7
39567 3
39596 3
39606 2
39615 4
39627 5
39645 8
39652 3
39660 1
39671 1
39691 13
39697 5
39719 3
39727 2
39730 1
39747 11
39769 17
39777 5
39790 9
39801 5
39826 5
39838 4
39845 1
39868 2
39887 5
39894 1
39926 3
39944 5
39953 8
39957 2
39963 2
39968 3
39972 1
39982 7
39996 7
40020 12
40026 3
40055 9
40065 3
40102 25
40108 5
40120 1
40139 5
40145 1
40153 2
40165 4
40176 3
40180 2
40195 3
40202 2
40215 9
40231 3
40237 3
40262 4
40270 2
40285 9
40309 8
40317 7
40329 1
40335 1
40346 2
40359 7
40364 2
40371 3
40376 2
40379 1
40391 9
40428 9
40434 3
40445 4
40466 9
40474 6
40478 2
40486 1
40490 3
40496 3
40509 9
40539 7
40553 13
40561 6
40587 5
40594 4
40608 7
40623 13
40629 2
40635 5
40640 2
40650 1
40652 1
40672 5
40677 2
40680 1
40688 3
40694 5
40700 1
40711 2
40715 1
40727 10
40733 2
40744 3
40757 10
40763 3
40773 4
40778 2
40786 2
40801 3
40807 4
40818 5
40833 4
40836 2
40842 1
40853 9
40862 5
40879 1
40889 2
40901 4
40916 4
40918 1
40938 2
40952 1
40972 6
40987 7
40992 4
41020 1
41029 4
41048 2
41052 2
41065 4
41075 2
41080 2
41094 4
41104 2
41113 2
41119 1
41123 3
41136 5
41145 1
41173 3
41188 2
41195 2
41205 7
41221 7
41229 4
41234 2
41240 1
41253 1
41261 5
41266 1
41276 4
41293 8
41303 6
41316 1
41320 1
41335 6
41344 2
41357 3
41362 2
41371 2
41392 2
41431 11
41435 3
41448 6
41469 8
41479 3
41483 2
41493 3
41500 5
41507 3
41521 5
41531 7
41544 7
41554 1
41564 7
41566 1
41594 16
41608 2
41613 4
41624 5
41654 7
41679 5
41692 1
41700 2
41714 7
41722 7
41732 9
41739 2
41750 6
41766 2
41777 6
41789 3
41807 2
41810 1
41820 4
41834 6
41849 2
41855 4
41865 3
41883 7
41892 3
41898 4
41901 2
41907 5
41923 12
41968 4
41996 4
42011 9
42030 15
42039 5
42049 2
42058 6
42070 7
42082 3
42088 1
42100 4
42113 8
42125 6
42142 7
42166 2
42179 7
42186 3
42198 2
42208 2
42216 1
42225 2
42245 2
42272 10
42279 2
42286 1
42292 2
42296 2
42301 3
42307 3
42323 3
42369 3
42387 11
42396 4
42404 2
42420 4
42433 1
42451 1
42455 1
42460 3
42468 4
42475 6
42487 1
42497 7
42509 5
42516 5
42520 2
42529 1
42557 6
42574 6
42580 2
42597 5
42610 9
42614 3
42625 6
42641 1
42665 23
42683 8
42697 1
42712 2
42721 6
42723 1
42729 5
42738 8
42762 3
42779 2
42800 17
42815 6
42831 4
42843 8
42861 5
42870 4
42875 1
42889 9
42899 5
42907 5
42914 5
42918 3
42939 6
42945 2
42983 9
42997 5
43002 2
43016 2
43022 3
43045 4
43055 3
43086 2
43093 2
43100 2
43116 3
43124 3
43127 2
43132 4
43159 4
43170 1
43174 2
43196 12
43205 1
43226 6
43234 3
43241 2
43256 4
43261 3
43279 5
43285 2
43298 11
43306 6
43312 4
43316 2
43328 2
43333 1
43339 3
43348 1
43354 2
43359 2
43362 2
43375 3
43384 7
43395 10
43399 2
43420 12
43431 3
43435 3
43442 3
43452 4
43468 1
43474 2
43476 1
43482 4
43517 2
43526 5
43532 3
43563 14
43566 2
43572 4
43587 3
43593 2
43602 7
43617 3
43625 6
43630 2
43645 3
43651 4
43660 6
43664 1
43676 11
43681 3
43688 3
43699 2
43705 2
43708 1
43716 3
43723 3
43730 6
43742 2
43752 2
43761 6
43776 3
43781 4
43793 8
43810 4
43818 2
43831 8
43837 5
43847 5
43864 8
43873 7
43881 5
43885 2
43889 2
43905 12
43921 11
43929 1
43947 7
43965 5
43978 5
43998 10
44007 5
44011 3
44038 12
44044 3
44063 1
44078 1
44086 5
44092 3
44104 3
44114 4
44124 3
44126 1
44147 4
44151 2
44165 6
44202 5
44214 8
44218 1
44228 3
44239 7
44247 3
44251 2
44255 1
44258 1
44269 5
44315 2
44322 1
44342 19
44359 3
44378 12
44388 4
44403 7
44424 8
44432 4
44440 3
44453 7
44458 4
44462 3
44467 2
44475 2
44487 2
44493 2
44501 5
44509 3
44535 16
44542 2
44552 9
44560 2
44565 3
44572 5
44579 6
44593 1
44606 1
44613 2
44624 5
44626 1
44656 3
44675 5
44689 3
44707 14
44722 10
44738 4
44751 8
44757 1
44766 1
44777 1
44787 4
44791 2
44807 2
44813 5
44817 3
44822 3
44826 2
44838 10
44843 4
44885 28
44894 7
44913 6
44922 4
44936 7
44946 7
44957 3
44964 3
44975 2
44987 2
44990 2
44993 2
45005 3
45015 6
45024 3
45029 4
45036 4
45048 5
45066 3
45083 3
45091 5
45104 5
45113 1
45124 8
45127 2
45139 2
45151 11
45157 2
45190 6
45209 18
45214 3
45225 6
45255 14
45260 1
45262 1
45272 4
45282 2
45289 3
45307 13
45312 2
45335 3
45383 13
45386 2
45413 8
45436 20
45452 10
45459 6
45467 2
45479 2
45494 4
45496 1
45507 10
45514 2
45532 6
45546 3
45556 7
45561 3
45565 3
45579 6
45591 1
45602 2
45612 3
45637 7
45657 16
45683 10
45707 2
45720 12
45737 3
45754 4
45766 3
45777 4
45787 6
45802 5
45805 2
45816 3
45851 5
45855 3
45892 5
45908 7
45912 3
45917 2
45951 8
45960 1
45969 4
45992 4
46008 6
46036 25
46045 3
46051 5
46056 1
46066 2
46078 7
46087 2
46110 11
46121 2
46140 7
46165 4
46167 1
46175 3
46181 2
46194 11
46198 3
46204 1
46213 5
46224 3
46234 3
46248 3
46251 2
46259 4
46261 1
46269 6
46284 10
46294 1
46299 4
46311 7
46316 1
46321 3
46324 2
46348 6
46352 3
46364 10
46370 3
46378 5
46396 3
46407 9
46410 2
46418 3
46427 6
46441 5
46459 3
46469 5
46479 3
46489 1
46502 2
46516 4
46522 5
46530 4
46539 3
46548 2
46556 7
46569 1
46574 2
46581 5
46588 4
46632 3
46647 14
46663 7
46666 1
46685 14
46730 8
46746 7
46762 2
46778 2
46789 3
46799 7
46823 3
46825 1
46839 1
46846 3
46866 2
46880 5
46884 1
46896 8
46921 9
46932 5
46939 3
46944 1
46948 3
46966 5
46970 2
46977 3
46988 7
46996 5
47000 2
47006 2
47024 13
47054 6
47080 11
47086 5
47092 5
47108 4
47120 2
47141 9
47154 7
47183 7
47225 5
47241 1
47253 9
47262 6
47266 3
47279 8
47285 2
47313 7
47320 2
47335 7
47344 6
47363 4
47374 1
47377 2
47409 17
47422 2
47467 19
47476 6
47500 1
47506 3
47512 5
47524 6
47542 4
47552 1
47558 3
47590 1
47600 5
47609 3
47614 4
47621 6
47644 8
47654 2
47662 6
47685 2
47694 2
47704 4
47708 3
47721 8
47731 1
47737 5
47747 2
47750 1
47756 2
47761 4
47770 6
47778 5
47795 14
47802 2
47821 9
47836 3
47863 5
47884 2
47892 6
47900 5
47910 3
47916 5
47923 6
47929 3
47931 1
47941 1
47947 1
47954 4
47978 16
47985 6
48001 4
48021 12
48026 4
48031 3
48042 9
48045 2
48051 2
48061 3
48068 5
48077 2
48112 16
48124 1
48128 2
48150 3
48171 2
48174 2
48182 1
48189 4
48202 1
48206 3
48214 1
48219 1
48234 7
48237 1
48245 2
48258 2
48267 3
48278 4
48285 3
48299 6
48339 6
48355 5
48358 2
48376 2
48386 7
48391 2
48394 2
48400 4
48406 4
48423 16
48434 1
48440 5
48452 3
48474 7
48485 2
48491 4
48505 4
48519 12
48526 3
48544 4
48556 6
48564 1
48570 1
48574 2
48577 2
48585 2
48589 3
48625 33
48635 1
48640 2
48644 3
48662 1
48666 2
48678 3
48693 1
48710 6
48719 4
48745 4
48754 3
48756 1
48764 7
48770 3
48793 3
48798 2
48804 4
48818 3
48826 7
48846 6
48856 4
48885 3
48888 1
48901 12
48922 15
48937 1
48942 3
48952 1
48959 6
48989 4
48999 4
49004 4
49011 2
49015 2
49020 2
49032 4
49050 4
49054 2
49066 2
49075 1
49083 3
49100 5
49104 2
49117 12
49129 2
49145 2
49171 2
49186 2
49190 2
49197 4
49209 3
49217 5
49238 11
49243 2
49256 4
49261 2
49269 1
49282 5
49295 3
49299 1
49306 1
49320 2
49338 14
49342 2
49350 3
49361 3
49367 4
49374 5
49387 11
49393 4
49407 8
49412 3
49419 6
49424 3
49447 3
49452 4
49460 1
49470 7
49479 2
49488 6
49496 1
49518 18
49536 1
49542 2
49569 15
49577 2
49585 3
49591 4
49594 2
49600 2
49610 4
49620 2
49632 6
49642 1
49661 7
49671 1
49702 4
49711 5
49720 2
49742 7
49752 2
49757 2
49767 5
49781 3
49787 3
49798 3
49812 9
49817 1
49829 1
49837 2
49843 1
49847 2
49858 1
49868 5
49875 6
49883 7
49888 1
49896 1
49900 1
49908 1
49915 1
49929 1
49943 3
49969 14
49974 2
49980 3
49993 9
50002 3
50009 3
50015 2
50027 6
50035 5
50047 7
50082 15
50090 1
50095 2
50107 5
50111 2
50118 3
50128 8
50151 4
50165 7
50179 8
50184 4
50208 2
50236 5
50247 2
50265 12
50276 3
50298 6
50316 2
50338 9
50370 20
50378 2
50403 8
50406 2
50412 3
50434 16
50490 6
50506 5
50521 4
50533 3
50541 2
50546 4
50549 2
50557 1
50567 2
50569 1
50588 5
50595 3
50613 5
50646 6
50649 1
50656 4
50676 3
50687 3
50714 3
50723 2
50736 5
50748 3
50757 5
50770 2
50787 13
50807 1
50818 8
50840 1
50861 8
50865 1
50868 2
50881 3
50897 3
50910 4
50915 3
50924 8
50929 3
50936 4
50956 1
50965 7
50973 2
50994 8
51030 32
51039 4
51043 2
51053 2
51060 1
51062 1
51071 6
51083 1
51101 4
51116 2
51131 2
51135 3
51147 1
51161 7
51164 1
51195 25
51204 2
51208 2
51230 3
51241 9
51252 4
51260 7
51272 2
51282 4
51290 3
51303 5
51310 4
51326 11
51339 4
51352 7
51369 12
51375 5
51387 8
51417 23
51422 2
51429 4
51432 2
51438 5
51442 2
51455 3
51464 6
51472 4
51478 2
51483 1
51493 5
51502 6
51511 2
51514 2
51523 2
51532 3
51543 4
51566 6
51583 7
51591 2
51620 7
51632 6
51649 13
51654 4
51662 4
51664 1
51689 2
51711 2
51722 1
51727 3
51734 1
51778 33
51782 3
51795 3
51809 3
51817 6
51844 2
51852 7
51863 2
51876 7
51884 3
51889 2
51897 2
51901 3
51906 3
51915 4
51922 4
51926 2
51930 2
51942 6
51959 10
51969 6
51977 1
51991 4
52001 7
52007 3
52010 1
52039 8
52050 9
52059 4
52063 3
52072 5
52097 15
52118 3
52124 3
52131 3
52137 5
52154 2
52156 1
52161 4
52166 2
52179 2
52185 5
52194 6
52205 8
52210 1
52227 1
52234 3
52250 1
52258 5
52278 1
52287 2
52291 3
52307 10
52316 3
52328 5
52343 5
52353 5
52363 1
52386 2
52390 2
52396 4
52402 5
52423 6
52434 5
52463 15
52474 3
52480 5
52484 1
52492 3
52520 3
52535 5
52546 4
52559 6
52576 5
52584 4
52592 3
52601 2
52606 2
52615 2
52629 13
52646 9
52658 5
52672 3
52677 4
52692 6
52702 4
52714 5
52734 6
52744 2
52747 1
52755 1
52758 2
52772 7
52800 2
52818 5
52835 4
52851 4
52856 1
52880 3
52894 4
52900 4
52909 2
52921 3
52933 4
52945 7
52956 10
52961 4
52966 4
52975 6
52982 4
52988 5
53014 18
53035 13
53048 2
53053 4
53059 3
53066 2
53087 1
53125 6
53136 3
53154 2
53187 13
53197 2
53202 3
53221 10
53250 3
53259 6
53274 4
53282 7
53294 6
53305 4
53330 21
53342 4
53349 2
53363 2
53383 4
53391 2
53411 3
53431 2
53441 3
53473 5
53490 11
53505 3
53519 5
53528 7
53531 2
53536 1
53551 2
53560 3
53565 3
53581 2
53587 3
53595 3
53605 5
53627 17
53633 2
53640 1
53646 2
53658 3
53662 2
53673 6
53677 1
53686 1
53698 8
53704 1
53716 4
53734 10
53746 2
53753 3
53772 6
53789 11
53791 1
53795 3
53799 3
53809 1
53813 2
53832 6
53850 8
53858 5
53863 3
53880 12
53890 1
53892 1
53910 2
53936 2
53943 3
53950 2
53957 5
53959 1
53963 1
53983 2
53988 4
54001 2
54016 3
54033 6
54061 5
54065 2
54070 3
54080 4
54108 2
54120 8
54131 8
54137 3
54151 9
54163 3
54175 5
54179 3
54184 2
54197 12
54199 1
54208 7
54214 2
54229 14
54236 2
54247 6
54256 4
54271 8
54288 5
54295 2
54300 4
54308 2
54313 3
54319 3
54327 2
54334 4
54342 1
54354 2
54369 9
54382 2
54418 6
54444 24
54455 7
54464 2
54478 13
54489 3
54496 1
54500 2
54517 1
54527 7
54535 7
54544 3
54551 3
54559 1
54571 5
54580 2
54584 2
54590 3
54599 2
54612 9
54633 3
54665 3
54669 3
54672 2
54683 7
54695 3
54708 4
54719 4
54741 4
54746 4
54768 1
54780 10
54783 2
54793 2
54801 2
54804 2
54822 13
54842 17
54857 2
54872 8
54878 4
54893 2
54902 1
54906 2
54919 5
54933 4
54943 1
54951 4
54965 11
54979 1
54988 6
55001 9
55010 1
55019 1
55029 6
55038 8
55052 2
55064 4
55081 5
55090 7
55094 3
55107 1
55110 1
55139 5
55152 1
55156 3
55170 10
55185 10
55191 4
55207 2
55213 3
55219 2
55221 1
55225 1
55232 5
55235 2
55241 1
55257 1
55271 1
55274 1
55282 3
55287 4
55307 9
55312 2
55330 2
55337 6
55342 2
55350 4
55366 4
55371 2
55380 2
55391 9
55403 2
55407 3
55414 3
55426 3
55446 1
55455 4
55459 3
55464 4
55478 2
55486 6
55488 1
55497 2
55507 5
55511 3
55527 3
55529 1
55532 1
55542 6
55552 5
55558 1
55579 9
55588 7
55598 3
55604 3
55633 17
55642 2
55651 5
55666 2
55668 1
55698 10
55703 2
55709 5
55713 1
55727 4
55749 21
55752 1
55756 1
55773 1
55779 3
55786 3
55791 3
55797 4
55806 2
55812 4
55835 7
55850 14
55854 1
55861 3
55867 1
55879 7
55890 10
55906 5
55932 6
55951 2
55968 10
55972 3
55983 2
55991 2
55997 5
56033 29
56043 5
56048 3
56058 2
56063 3
56086 3
56090 2
56101 1
56137 6
56144 5
56180 32
56187 5
56196 8
56201 2
56204 2
56213 3
56219 4
56226 2
56235 4
56243 2
56252 2
56285 6
56289 2
56324 5
56330 2
56348 8
56352 3
56356 2
56362 4
56398 4
56409 6
56431 2
56450 4
56459 3
56475 2
56478 2
56483 2
56489 4
56499 1
56512 12
56522 2
56536 2
56548 4
56559 4
56563 2
56578 5
56592 2
56595 2
56604 2
56611 4
56620 8
56633 7
56650 6
56656 2
56673 10
56683 7
56721 5
56725 1
56736 7
56756 1
56812 25
56824 3
56834 1
56843 4
56876 29
56885 8
56921 6
56931 6
56948 2
56959 7
56971 6
56975 2
57016 5
57029 4
57049 6
57068 7
57072 2
57089 4
57094 2
57101 3
57109 5
57125 4
57136 6
57143 4
57147 2
57156 2
57171 5
57185 3
57191 5
57197 5
57203 2
57220 1
57228 1
57245 2
57252 6
57273 4
57283 6
57289 4
57303 1
57314 3
57331 6
57337 2
57361 3
57380 4
57404 12
57410 1
57420 2
57447 10
57452 2
57456 3
57459 1
57490 29
57506 2
57529 7
57537 7
57553 2
57565 4
57569 2
57572 2
57587 11
57603 4
57607 2
57612 1
57633 4
57680 1
57688 1
57693 2
57695 1
57704 7
57707 1
57709 1
57714 1
57725 1
57731 4
57736 3
57739 2
57753 2
57770 3
57774 2
57787 4
57804 4
57815 5
57824 2
57829 4
57845 7
57854 1
57865 5
57879 9
57922 30
57937 2
57974 18
57990 13
57998 3
58007 3
58015 3
58021 2
58030 4
58047 8
58071 9
58084 10
58086 1
58105 4
58110 4
58124 5
58130 2
58137 6
58154 5
58157 1
58165 5
58189 7
58192 2
58212 3
58236 3
58239 2
58246 2
58260 1
58277 9
58282 1
58286 1
58290 2
58303 12
58326 1
58328 1
58340 2
58345 3
58371 3
58383 7
58418 2
58423 4
58436 6
58446 2
58462 1
58478 4
58501 6
58534 23
58548 6
58557 2
58559 1
58600 15
58610 7
58639 2
58675 4
58684 3
58687 2
58698 7
58703 2
58725 2
58735 5
58743 5
58778 3
58788 1
58806 10
58813 5
58838 2
58854 12
58864 6
58869 3
58874 3
58891 15
58899 6
58902 1
58908 5
58920 6
58924 1
58935 5
58943 4
58948 2
58954 5
58958 3
58962 2
58976 2
58979 2
58988 4
58995 1
59006 6
59013 5
59029 6
59038 8
59051 4
59062 3
59071 5
59077 1
59087 2
59095 5
59106 6
59117 2
59122 3
59125 1
59147 20
59160 3
59172 3
59176 2
59190 1
59200 4
59211 5
59221 6
59242 3
59247 4
59258 2
59265 4
59270 2
59279 1
59286 4
59294 3
59334 7
59337 1
59342 2
59357 2
59380 1
59389 8
59397 3
59412 1
59437 6
59458 2
59460 1
59471 2
59474 2
59490 4
59500 8
59502 1
59510 3
59523 5
59536 1
59540 3
59551 4
59559 3
59582 2
59589 5
59608 5
59637 3
59646 3
59652 3
59672 9
59705 1
59713 4
59720 2
59727 5
59738 2
59745 6
59759 3
59768 3
59777 2
59783 2
59791 1
59793 1
59797 3
59806 5
59818 6
59823 1
59827 1
59844 13
59847 2
59851 2
59855 2
59879 1
59890 8
59894 1
59901 6
59913 4
59917 2
59921 1
59931 6
59943 1
59946 1
59954 6
59958 3
59980 21
59986 4
59989 1
59999 3
60002 1
60007 3
60049 1
60055 2
60071 2
60073 1
60086 3
60097 3
60105 4
60110 3
60125 2
60134 8
60160 6
60212 11
60223 6
60228 3
60232 3
60241 3
60251 3
60260 8
60274 3
60279 4
60306 2
60311 1
60326 3
60338 5
60340 1
60345 3
60363 2
60383 13
60396 10
60428 2
60433 2
60436 2
60466 1
60473 4
60498 13
60503 4
60510 2
60519 3
60544 9
60549 4
60567 3
60571 3
60585 7
60591 3
60632 2
60638 2
60667 5
60686 3
60689 2
60696 6
60714 1
60717 2
60726 3
60738 4
60753 4
60761 3
60765 1
60770 3
60777 2
60792 10
60801 4
60818 6
60829 1
60838 3
60847 2
60855 3
60864 5
60877 3
60885 5
60896 5
60905 7
60916 4
60930 9
60939 2
60954 7
60959 3
60964 3
60969 3
60987 4
60992 4
61003 9
61012 3
61023 1
61061 20
61069 3
61080 6
61093 9
61117 3
61124 5
61143 3
61154 9
61166 2
61173 5
61178 4
61187 3
61194 5
61226 4
61241 3
61246 2
61259 4
61266 5
61270 1
61294 7
61309 1
61335 10
61339 3
61354 5
61360 2
61370 6
61376 3
61391 13
61402 2
61408 3
61415 3
61424 2
61432 2
61453 2
61462 4
61469 3
61477 1
61485 5
61499 10
61502 1
61507 2
61521 4
61529 2
61539 1
61551 4
61570 8
61582 4
61589 4
61595 2
61602 3
61606 2
61636 2
61655 7
61670 4
61689 2
61694 1
61724 11
61752 23
61758 5
61774 3
61780 2
61786 2
61795 3
61805 6
61815 4
61826 2
61843 8
61850 2
61861 4
61868 2
61887 4
61893 4
61897 2
61929 10
61947 2
61986 4
61995 8
62017 2
62019 1
62022 1
62036 2
62041 3
62059 4
62067 2
62071 3
62091 15
62103 6
62111 2
62116 1
62122 4
62138 13
62144 4
62159 10
62178 15
62189 9
62199 1
62215 6
62220 4
62229 3
62257 3
62261 3
62267 4
62277 3
62294 12
62312 5
62323 5
62330 6
62337 2
62364 22
62373 7
62394 1
62400 5
62417 8
62423 2
62428 3
62444 2
62451 5
62463 9
62479 4
62482 1
62497 10
62511 6
62514 2
62531 4
62546 5
62559 5
62569 6
62598 24
62608 2
62631 9
62639 3
62649 4
62658 2
62674 8
62685 4
62703 13
62710 4
62727 1
62733 1
62744 9
62766 2
62778 4
62805 1
62819 2
62827 5
62835 3
62844 2
62866 8
62871 4
62878 3
62890 5
62899 4
62905 3
62916 8
62919 1
62934 6
62944 3
62951 2
62961 5
62976 1
62990 3
62998 6
63003 4
63017 2
63040 18
63044 3
63050 3
63060 2
63086 9
63102 3
63112 3
63118 3
63125 3
63141 4
63155 10
63168 2
63185 2
63200 2
63205 4
63209 2
63218 5
63225 4
63253 11
63279 14
63285 1
63300 8
63317 3
63335 10
63360 6
63374 3
63384 3
63411 17
63423 2
63441 11
63459 2
63462 2
63470 4
63480 4
63487 1
63493 2
63500 3
63508 3
63517 1
63529 3
63537 2
63541 1
63551 2
63554 2
63571 10
63601 12
63616 2
63621 4
63645 2
63659 2
63666 6
63723 7
63730 1
63739 7
63771 17
63783 10
63803 6
63807 1
63823 2
63844 3
63848 1
63856 6
63868 9
63874 2
63878 3
63893 8
63914 3
63934 6
63937 2
63956 5
63979 4
63985 4
63988 2
63998 1
64002 2
64022 4
64031 7
64050 8
64077 4
64079 1
64098 8
64107 4
64118 1
64129 2
64147 6
64172 10
64183 6
64202 3
64218 2
64223 4
64243 10
64251 3
64256 3
64268 8
64276 4
64285 2
64293 3
64302 6
64318 2
64330 3
64340 8
64349 5
64358 1
64362 2
64370 3
64381 1
64392 10
64407 4
64418 3
64423 2
64430 4
64433 2
64448 10
64465 4
64478 11
64484 4
64487 1
64502 13
64507 1
64510 2
64519 7
64540 9
64552 8
64573 2
64581 2
64584 1
64590 2
64602 1
64608 2
64630 16
64637 6
64650 4
64660 8
64672 10
64680 3
64692 7
64701 4
64706 2
64717 2
64735 2
64754 4
64758 2
64766 5
64774 6
64783 3
64787 3
64797 2
64814 12
64817 1
64834 2
64873 1
64883 5
64886 2
64905 2
64921 3
64929 2
64933 3
64950 5
64960 6
64963 2
65011 2
65015 3
65022 2
65046 5
65069 5
65077 1
65088 8
65099 7
65108 4
65113 4
65130 2
65164 3
65173 6
65180 6
65195 1
65199 3
65209 5
65216 2
65227 2
65236 5
65249 6
65262 9
65279 3
65282 2
65288 3
65297 3
65306 3
65330 13
65334 2
65341 1
65349 5
65360 2
65373 1
65378 4
65387 3
65393 5
65418 5
65436 4
65445 2
65454 2
65463 8
65469 2
65475 4
65481 3
65487 2
65495 6
65499 1
65516 3
65542 19
65547 4
65564 8
65584 14
65587 2
65595 2
65605 2
65628 6
65654 5
65657 1
65666 5
65677 9
65682 3
65693 10
65705 5
65730 4
65745 6
65755 2
65767 4
65784 12
65791 6
65799 1
65809 3
65827 2
65840 8
65848 3
65873 3
65891 6
65896 4
65912 5
65922 5
65932 2
65942 1
65964 12
65975 2
65982 5
65989 3
66023 6
66035 4
66041 1
66056 3
66085 11
66094 2
66108 7
66132 4
66143 3
66148 3
66155 6
66157 1
66162 1
66176 12
66182 2
66192 1
66212 7
66216 2
66232 3
66239 2
66246 2
66251 3
66287 10
66294 1
66302 2
66308 5
66314 1
66321 3
66323 1
66339 6
66341 1
66351 9
66364 7
66370 5
66388 2
66394 2
66403 2
66408 2
66410 1
66425 13
66440 2
66458 16
66478 4
66486 3
66500 8
66511 2
66520 4
66523 2
66551 14
66573 12
66585 7
66614 7
66619 4
66635 3
66638 2
66657 7
66703 8
66710 5
66716 4
66725 6
66729 3
66749 4
66753 1
66765 1
66778 7
66788 3
66797 4
66813 2
66817 2
66839 2
66849 3
66857 1
66871 1
66877 2
66898 6
66919 6
66929 3
66941 4
66948 6
66952 2
66965 12
66979 6
66984 2
66987 2
66990 2
66999 2
67008 5
67015 4
67025 3
67040 6
67046 4
67053 6
67059 3
67069 4
67082 9
67092 5
67112 4
67142 2
67156 2
67176 1
67191 2
67200 3
67214 1
67232 5
67253 5
67264 1
67275 9
67283 2
67301 4
67305 3
67311 5
67328 8
67332 2
67358 2
67366 7
67384 15
67389 2
67401 3
67414 4
67419 1
67430 2
67434 3
67447 12
67454 1
67471 2
67476 1
67489 8
67513 11
67524 2
67531 6
67540 1
67551 4
67561 6
67609 6
67622 3
67629 2
67633 2
67643 2
67647 3
67657 1
67664 4
67671 2
67675 3
67682 5
67690 2
67705 2
67715 2
67730 11
67756 2
67773 3
67778 2
67781 1
67785 3
67790 3
67800 1
67809 8
67814 4
67827 11
67835 6
67837 1
67850 2
67864 2
67877 4
67884 3
67908 14
67915 6
67923 2
67934 4
67943 4
67952 4
67964 2
67993 25
68017 5
68024 4
68039 5
68053 2
68086 25
68104 1
68108 2
68113 1
68136 4
68142 4
68147 2
68161 12
68168 1
68195 9
68209 4
68226 10
68231 4
68246 1
68254 3
68278 7
68297 15
68306 1
68316 3
68332 9
68343 1
68359 6
68363 1
68367 3
68374 3
68380 2
68388 4
68403 7
68430 3
68444 2
68451 3
68456 2
68471 7
68483 3
68505 16
68519 12
68535 9
68540 1
68544 2
68569 5
68577 2
68611 3
68616 4
68624 4
68643 2
68650 3
68653 2
68664 8
68697 22
68720 19
68726 2
68730 3
68737 2
68759 3
68766 1
68768 1
68778 4
68801 4
68812 7
68839 5
68845 2
68855 6
68869 9
68908 14
68944 5
68957 3
68960 2
68970 4
69003 5
69028 20
69035 2
69046 9
69049 2
69069 17
69075 4
69088 7
69103 10
69109 1
69140 5
69146 1
69154 4
69156 1
69173 6
69181 6
69188 4
69209 3
69236 4
69251 3
69260 3
69272 3
69280 7
69294 4
69306 2
69314 3
69356 6
69375 17
69387 11
69398 2
69417 9
69423 2
69430 3
69463 4
69469 4
69476 2
69479 2
69494 7
69508 6
69527 12
69547 6
69552 3
69579 11
69600 5
69644 2
69651 2
69664 3
69668 2
69729 5
69742 5
69752 9
69756 3
69774 10
69793 7
69801 3
69836 18
69842 4
69853 9
69867 1
69877 2
69884 4
69890 3
69908 7
69915 2
69923 7
69930 4
69940 1
69953 6
69962 3
69971 5
69993 11
70000 2
70009 3
70017 3
70031 4
70039 2
70047 7
70060 3
70068 6
70080 5
70088 2
70098 1
70106 1
70117 6
70128 6
70154 12
70165 5
70183 2
70189 5
70192 1
70207 12
70216 4
70238 3
70241 2
70247 2
70254 4
70265 4
70275 4
70282 2
70298 6
70302 2
70319 1
70329 2
70337 4
70344 4
70353 5
70371 1
70379 2
70390 8
70402 5
70412 7
70431 2
70444 11
70490 7
70498 6
70511 3
70514 1
70521 4
70529 3
70542 8
70548 3
70554 4
70569 3
70576 1
70581 1
70601 9
70613 8
70627 12
70632 2
70649 11
70665 3
70672 1
70691 10
70700 2
70726 1
70765 23
70769 2
70783 12
70789 2
70798 2
70806 7
70810 1
70820 8
70827 3
70844 5
70848 3
70862 6
70869 4
70881 4
70899 14
70902 2
70916 4
70930 5
70941 8
70950 8
70954 2
70964 5
70980 5
70999 8
71008 5
71015 3
71020 1
71031 6
71035 1
71054 6
71065 5
71074 6
71084 2
71100 4
71114 4
71125 6
71130 2
71146 12
71155 3
71158 1
71162 3
71181 10
71190 6
71199 3
71220 11
71224 2
71229 3
71244 4
71252 1
71269 4
71281 6
71295 11
71302 1
71310 1
71328 1
71351 6
71357 2
71390 5
71400 9
71422 3
71429 4
71434 1
71440 1
71443 2
71466 4
71474 5
71477 2
71490 2
71498 2
71523 16
71533 5
71539 5
71562 2
71568 4
71577 2
71581 2
71596 8
71603 2
71611 1
71627 4
71634 2
71642 6
71657 6
71667 4
71669 1
71684 5
71720 2
71728 2
71739 3
71744 2
71772 8
71787 3
71791 3
71817 4
71822 4
71833 3
71853 9
71888 7
71902 3
71911 1
71948 6
71962 9
71970 6
71973 2
71985 4
71988 1
71998 4
72027 4
72085 3
72091 3
72109 11
72112 1
72129 2
72143 1
72157 5
72162 4
72176 2
72203 3
72212 2
72219 4
72223 1
72225 1
72239 11
72244 4
72247 2
72273 9
72290 11
72323 2
72346 1
72374 24
72391 3
72413 2
72420 5
72425 2
72432 5
72439 2
72461 2
72465 2
72488 4
72514 7
72521 3
72526 2
72533 1
72537 3
72539 1
72553 4
72571 10
72586 2
72596 2
72601 3
72628 8
72632 3
72635 1
72661 1
72676 2
72686 8
72701 2
72711 6
72727 6
72733 2
72758 7
72763 4
72772 7
72798 19
72805 5
72813 4
72823 5
72829 3
72831 1
72842 6
72871 9
72888 12
72893 2
72905 3
72914 6
72922 5
72927 3
72940 10
72959 1
72962 2
72972 9
72991 5
73002 3
73012 5
73033 7
73038 4
73042 3
73058 8
73067 7
73081 2
73086 2
73109 10
73117 7
73123 1
73128 1
73161 3
73171 2
73183 2
73190 2
73209 1
73222 6
73235 4
73256 2
73267 3
73284 2
73289 3
73299 5
73310 1
73316 4
73333 10
73342 1
73347 2
73360 2
73377 8
73381 3
73397 5
73408 8
73427 3
73435 2
73448 12
73454 1
73465 3
73468 2
73476 2
73488 3
73507 4
73517 9
73523 1
73528 3
73535 5
73547 2
73560 2
73572 3
73585 12
73592 6
73594 1
73597 2
73608 9
73619 8
73630 9
73635 2
73645 2
73651 1
73657 3
73665 4
73672 4
73675 1
73680 4
73685 1
73709 4
73717 2
73729 3
73731 1
73744 1
73760 1
73764 3
73768 1
73778 2
73793 4
73799 5
73808 3
73820 4
73828 4
73836 1
73841 3
73850 1
73864 6
73870 1
73879 2
73882 2
73885 2
73897 7
73909 8
73916 3
73926 9
73943 4
73947 2
73962 6
73987 4
73994 2
73996 1
74002 3
74022 17
74039 10
74043 2
74054 8
74065 10
74098 20
74104 3
74125 2
74148 2
74162 4
74168 4
74171 2
74175 2
74180 2
74210 6
74225 4
74238 5
74248 3
74257 8
74279 11
74285 2
74298 8
74319 6
74351 17
74357 4
74365 3
74372 6
74381 1
74420 1
74425 4
74432 1
74448 3
74459 6
74468 8
74480 3
74484 3
74492 7
74499 4
74508 4
74528 4
74541 2
74581 4
74589 2
74593 1
74604 6
74631 4
74642 1
74647 3
74662 3
74668 2
74673 4
74681 2
74696 1
74722 4
74736 3
74751 2
74758 5
74771 2
74790 3
74792 1
74795 1
74799 2
74805 2
74816 3
74831 3
74839 5
74850 1
74854 3
74876 2
74883 6
74892 1
74902 2
74907 2
74925 10
74941 6
74951 6
74981 14
74992 4
75003 1
75009 3
75013 2
75022 6
75025 2
75042 12
75062 2
75076 13
75088 6
75100 2
75110 2
75118 3
75130 2
75141 2
75145 1
75148 2
75158 4
75173 1
75187 4
75195 2
75210 5
75215 2
75227 2
75237 4
75251 5
75268 12
75282 3
75300 13
75315 13
75321 4
75332 2
75338 2
75346 2
75354 5
75360 3
75369 6
75390 2
75403 6
75415 11
75426 5
75452 3
75457 2
75481 4
75529 21
75535 5
75545 5
75548 2
75560 6
75564 2
75572 4
75584 3
75594 9
75610 14
75615 4
75623 1
75628 4
75644 1
75656 5
75670 2
75686 10
75693 4
75696 2
75698 1
75701 2
75710 8
75718 2
75736 7
75757 3
75763 3
75779 2
75790 4
75795 3
75805 9
75821 14
75825 1
75832 6
75842 5
75850 4
75859 5
75866 4
75871 3
75890 11
75924 16
75938 6
75949 4
75956 6
75967 7
75983 3
75991 7
75998 3
76002 2
76019 2
76043 10
76054 3
76059 2
76069 6
76076 6
76093 4
76097 2
76106 1
76139 8
76148 3
76165 8
76169 1
76174 1
76182 4
76191 3
76200 5
76229 1
76235 2
76247 11
76256 8
76261 4
76265 3
76279 5
76300 14
76311 5
76313 1
76330 7
76344 1
76359 3
76361 1
76366 1
76375 6
76382 5
76385 2
76413 1
76426 6
76454 1
76467 10
76473 2
76481 5
76489 2
76495 5
76505 4
76524 16
76531 1
76540 7
76545 3
76555 6
76565 2
76570 4
76574 3
76581 4
76590 8
76602 11
76604 1
76612 2
76624 3
76628 1
76634 2
76651 14
76664 6
76676 5
76685 3
76700 3
76707 4
76718 6
76725 5
76728 1
76732 2
76736 2
76756 2
76771 2
76788 12
76800 2
76804 3
76813 3
76815 1
76831 4
76860 24
76870 2
76895 4
76921 2
76935 3
76968 27
76984 6
76991 4
77006 2
77014 5
77017 1
77033 4
77048 1
77055 5
77064 6
77084 5
77098 3
77111 4
77117 4
77139 13
77147 2
77155 1
77161 3
77170 3
77174 3
77182 5
77191 5
77198 2
77209 6
77212 2
77224 3
77233 3
77242 7
77251 2
77263 3
77269 4
77272 2
77277 4
77287 1
77300 4
77311 10
77316 2
77324 4
77338 4
77340 1
77348 2
77354 3
77360 5
77372 9
77383 9
77387 3
77396 3
77407 2
77415 2
77425 2
77429 3
77436 3
77454 7
77463 5
77468 3
77473 3
77504 6
77508 2
77524 12
77540 4
77547 3
77560 3
77570 1
77580 1
77586 5
77590 3
77595 2
77610 13
77619 7
77637 3
77649 10
77651 1
77669 15
77682 4
77688 2
77734 3
77760 7
77770 4
77816 3
77824 2
77834 4
77849 7
77859 5
77886 2
77900 1
77910 8
77919 3
77929 2
77935 3
77944 3
77950 2
77963 12
77972 3
77978 2
77985 2
77991 4
78004 5
78018 6
78031 1
78036 4
78042 3
78066 14
78089 15
78103 6
78116 1
78118 1
78120 1
78127 2
78132 3
78139 4
78155 6
78165 2
78172 3
78178 4
78210 12
78222 4
78234 8
78240 3
78246 3
78253 3
78263 6
78267 3
78274 4
78279 2
78285 3
78288 1
78296 5
78308 1
78330 8
78340 1
78356 2
78361 4
78371 7
78376 2
78416 2
78428 9
78438 9
78444 1
78475 5
78484 3
78488 3
78492 3
78496 3
78507 8
78521 3
78524 2
78567 3
78591 10
78598 5
78609 6
78611 1
78648 11
78656 3
78669 5
78677 4
78688 7
78704 4
78736 12
78753 10
78762 4
78769 5
78776 5
78786 8
78796 3
78806 2
78830 2
78858 10
78864 4
78873 3
78898 3
78909 2
78915 5
78928 10
78946 5
78954 2
78985 4
78996 5
79001 4
79012 1
79024 4
79043 3
79048 2
79072 5
79080 2
79087 2
79097 2
79114 6
79116 1
79122 3
79132 4
79142 5
79163 5
79176 5
79186 6
79222 20
79229 2
79241 3
79261 1
79266 3
79271 1
79288 14
79296 5
79308 5
79318 1
79330 3
79338 2
79355 6
79369 13
79375 1
79379 1
79384 2
79398 2
79407 3
79425 15
79437 2
79451 5
79493 35
79506 3
79515 6
79530 2
79539 5
79558 5
79564 4
79570 5
79615 3
79622 2
79628 3
79632 2
79655 10
79676 13
79680 1
79686 2
79701 6
79708 3
79738 3
79747 2
79759 4
79774 11
79781 2
79801 4
79810 2
79816 3
79820 3
79829 4
79843 3
79850 2
79853 2
79881 3
79892 2
79897 2
79901 2
79910 4
79915 2
79929 3
79960 1
79962 1
79969 2
79972 1
79974 1
79985 6
80004 4
80008 2
80046 3
80053 3
80081 13
80105 20
80113 4
80123 8
80156 3
80170 9
80188 1
80196 7
80211 3
80235 3
80243 7
80247 2
80260 3
80278 11
80292 8
80308 6
80358 6
80373 1
80388 1
80404 2
80415 7
80441 1
80469 1
80472 2
80496 5
80535 2
80549 8
80578 3
80587 5
80593 3
80611 7
80614 2
80620 2
80646 20
80656 2
80663 2
80693 10
80703 3
80710 6
80722 3
80724 1
80748 2
80751 2
80757 2
80774 4
80780 1
80789 5
80801 5
80825 8
80829 1
80836 1
80848 7
80861 1
80881 9
80889 1
80897 2
80905 5
80911 5
80921 6
80927 5
80942 2
80949 4
80956 3
80979 7
80984 4
80987 1
80994 2
81008 6
81026 1
81040 3
81049 2
81062 7
81087 1
81091 2
81099 3
81110 6
81123 10
81136 10
81163 2
81166 1
81169 2
81185 4
81201 3
81231 17
81265 2
81278 3
81289 3
81291 1
81320 19
81337 9
81342 3
81353 4
81361 2
81365 3
81376 3
81382 3
81388 3
81402 6
81415 7
81418 1
81426 1
81432 3
81438 5
81443 4
81457 1
81459 1
81475 12
81480 2
81486 1
81489 2
81496 4
81502 1
81509 4
81515 3
81523 2
81525 1
81533 5
81538 1
81544 3
81548 1
81551 2
81578 3
81589 2
81606 6
81614 1
81624 4
81628 1
81641 6
81679 26
81688 1
81691 2
81698 2
81713 11
81718 2
81722 1
81735 10
81739 2
81743 3
81774 3
81777 2
81791 11
81800 3
81814 6
81828 4
81849 3
81861 11
81871 1
81875 1
81878 2
81902 12
81920 13
81930 2
81950 9
81956 1
81963 1
81976 1
81984 3
82005 6
82019 2
82041 11
82052 8
82071 10
82077 3
82098 2
82114 3
82127 5
82131 1
82137 2
82172 10
82177 2
82188 3
82213 3
82218 4
82260 9
82265 4
82270 3
82281 9
82304 11
82312 7
82320 5
82358 9
82374 3
82384 9
82388 3
82404 5
82413 6
82418 4
82422 2
82428 2
82442 11
82447 3
82454 4
82461 4
82479 9
82495 2
82518 2
82542 14
82565 18
82576 2
82583 2
82598 5
82606 2
82624 2
82634 2
82642 2
82650 3
82657 2
82687 6
82691 3
82701 3
82718 3
82755 15
82762 6
82785 19
82795 9
82806 2
82830 22
82839 3
82848 6
82887 17
82894 2
82906 11
82921 5
82929 3
82932 1
82945 4
82951 1
82965 5
82974 1
82994 13
82997 2
83002 3
83011 5
83033 4
83053 1
83068 4
83090 9
83098 7
83101 2
83112 6
83116 2
83144 15
83151 4
83159 6
83178 16
83186 6
83214 21
83223 6
83249 1
83259 6
83270 2
83282 3
83288 1
83296 3
83324 7
83349 9
83358 1
83390 3
83393 2
83402 3
83415 3
83420 3
83430 3
83441 2
83453 2
83458 2
83472 5
83482 2
83502 2
83515 2
83533 3
83540 3
83546 4
83555 3
83564 7
83569 1
83585 10
83598 8
83603 3
83608 3
83623 9
83632 4
83647 3
83663 1
83673 6
83691 5
83697 4
83715 6
83724 2
83730 5
83750 6
83761 8
83770 6
83788 2
83802 8
83823 6
83837 2
83841 3
83861 11
83877 1
83897 5
83902 2
83908 1
83922 3
83933 7
83937 3
83949 6
83965 2
83982 1
84002 4
84008 2
84016 7
84025 3
84032 1
84065 4
84078 5
84084 2
84092 2
84098 3
84108 7
84131 11
84149 2
84159 4
84162 2
84189 9
84204 1
84234 18
84245 1
84254 3
84273 1
84282 2
84290 5
84309 3
84314 2
84357 8
84364 6
84370 2
84373 2
84377 3
84387 9
84396 6
84415 2
84419 3
84423 2
84447 5
84454 5
84468 7
84475 4
84506 22
84534 3
84538 2
84544 5
84554 2
84565 5
84570 4
84576 2
84585 7
84596 6
84613 5
84630 2
84648 1
84657 1
84666 3
84670 1
84680 6
84688 5
84694 2
84714 1
84718 3
84742 2
84756 7
84761 4
84763 1
84768 3
84778 7
84796 2
84807 7
84830 10
84840 3
84872 4
84881 4
84889 2
84901 3
84911 1
84927 1
84931 1
84941 6
84948 4
84958 2
84969 4
84984 3
84987 2
84992 2
84999 5
85010 6
85016 2
85025 4
85030 1
85049 13
85056 3
85060 1
85064 3
85072 3
85088 14
85106 6
85128 10
85138 5
85148 2
85154 3
85166 8
85189 12
85205 3
85212 4
85220 2
85233 2
85238 4
85249 9
85276 3
85305 8
85319 12
85331 3
85358 4
85371 6
85388 1
85393 2
85407 13
85420 3
85437 6
85460 8
85494 8
85497 1
85505 7
85532 5
85539 3
85552 10
85560 1
85590 6
85611 7
85626 2
85646 13
85660 2
85664 3
85677 7
85687 8
85704 10
85706 1
85738 15
85742 1
85753 8
85764 2
85777 3
85789 3
85796 3
85813 1
85821 3
85854 1
85863 1
85886 14
85891 3
85894 2
85906 2
85925 8
85939 7
85947 5
85956 4
85969 2
85973 2
85996 5
86004 3
86018 1
86039 11
86050 9
86062 10
86068 2
86073 1
86091 1
86101 2
86114 8
86127 7
86137 2
86160 2
86172 4
86186 5
86193 1
86228 7
86233 3
86243 1
86255 1
86263 7
86267 1
86273 1
86281 6
86295 4
86323 18
86332 2
86353 9
86359 2
86393 23
86397 2
86410 5
86424 3
86443 18
86487 1
86497 5
86513 9
86538 4
86554 12
86557 2
86566 8
86584 1
86590 4
86610 9
86630 4
86638 4
86649 6
86665 12
86673 2
86681 4
86692 2
86695 1
86704 4
86712 2
86721 4
86767 2
86782 1
86824 2
86838 2
86841 2
86850 1
86864 1
86870 3
86893 2
86909 2
86940 13
86944 2
86949 2
86955 5
86963 5
86966 1
86985 5
87016 3
87021 3
87031 4
87039 2
87041 1
87050 4
87064 2
87075 4
87090 4
87096 2
87102 1
87105 2
87150 9
87152 1
87163 2
87173 5
87184 4
87198 1
87206 7
87231 15
87240 6
87244 2
87252 7
87256 3
87271 6
87276 3
87284 7
87292 2
87311 12
87318 2
87329 2
87338 4
87341 2
87357 3
87374 1
87378 2
87386 4
87397 2
87408 8
87414 2
87433 15
87457 11
87508 25
87519 4
87544 2
87561 3
87578 11
87592 7
87600 5
87610 6
87625 6
87628 1
87661 5
87671 6
87683 5
87693 1
87707 4
87735 8
87748 7
87755 3
87762 4
87768 4
87781 11
87803 13
87810 3
87813 2
87818 2
87845 4
87854 4
87863 7
87869 5
87880 10
87893 7
87899 4
87904 4
87931 17
87946 3
87956 5
87963 2
87982 1
88009 3
88021 7
88032 2
88070 5
88083 2
88094 2
88109 6
88120 8
88136 7
88140 3
88154 5
88177 1
88184 4
88192 7
88197 1
88203 3
88207 2
88222 9
88227 3
88252 2
88266 12
88273 6
88285 6
88291 4
88297 1
88301 1
88322 6
88329 4
88345 3
88352 5
88384 6
88394 8
88397 2
88409 3
88415 4
88423 3
88431 3
88434 2
88465 1
88468 2
88471 1
88486 4
88499 4
88523 3
88532 3
88543 3
88579 9
88587 4
88595 5
88603 1
88625 1
88636 7
88647 10
88651 3
88660 5
88668 4
88690 9
88712 9
88731 11
88735 2
88748 7
88761 5
88771 8
88780 3
88786 3
88807 2
88813 3
88817 2
88824 5
88839 3
88845 1
88854 3
88860 4
88869 2
88878 2
88890 7
88894 1
88901 2
88904 2
88914 6
88918 2
88942 9
88954 5
88961 1
88982 11
88995 12
89008 9
89016 2
89037 4
89054 3
89067 11
89077 3
89096 4
89099 2
89104 3
89114 3
89122 5
89134 3
89165 16
89173 4
89182 8
89195 11
89210 12
89224 5
89232 4
89238 4
89245 5
89260 3
89271 3
89284 2
89295 3
89318 11
89345 23
89364 2
89377 11
89382 2
89407 2
89428 7
89442 4
89446 2
89459 6
89467 6
89485 11
89494 4
89532 30
89537 3
89545 5
89574 9
89581 4
89586 2
89603 13
89608 2
89631 9
89644 2
89657 2
89665 4
89684 17
89708 17
89713 3
89728 5
89732 2
89743 10
89756 8
89761 3
89777 6
89804 11
89815 7
89841 14
89852 2
89855 2
89866 10
89873 2
89889 10
89921 2
89927 1
89956 2
89974 9
89997 5
90009 6
90018 8
90042 22
90064 5
90067 2
90071 3
90079 3
90097 6
90106 5
90115 3
90145 26
90155 2
90197 1
90225 11
90238 2
90251 4
90262 9
90267 4
90276 5
90280 2
90286 2
90296 6
90310 2
90324 1
90342 5
90354 5
90366 7
90378 8
90381 1
90401 8
90420 4
90450 3
90459 7
90474 12
90487 9
90513 12
90520 3
90524 2
90531 5
90537 1
90547 6
90553 3
90570 5
90578 2
90588 9
90597 6
90601 3
90604 2
90613 2
90636 3
90641 2
90645 1
90662 3
90667 2
90682 1
90687 1
90698 1
90717 3
90732 1
90737 1
90753 4
90756 2
90758 1
90777 10
90795 1
90802 1
90811 6
90818 6
90830 4
90838 7
90853 2
90862 6
90881 4
90896 3
90915 4
90937 6
90946 2
90960 1
90967 5
90999 11
91009 3
91017 6
91029 5
91037 2
91040 2
91046 2
91071 2
91080 3
91107 3
91127 1
91131 3
91145 11
91161 4
91165 3
91184 5
91191 4
91219 1
91235 6
91248 9
91258 2
91275 3
91289 2
91297 4
91332 2
91350 2
91357 6
91366 2
91377 3
91385 2
91406 2
91411 1
91433 7
91446 6
91458 10
91462 2
91472 1
91485 2
91497 9
91502 4
91512 6
91533 15
91544 2
91550 3
91558 7
91563 1
91574 2
91592 3
91598 2
91621 4
91636 11
91645 8
91654 3
91657 1
91694 6
91701 5
91708 4
91717 1
91725 4
91746 5
91753 6
91757 1
91763 2
91777 8
91783 1
91795 7
91818 2
91823 2
91832 2
91846 4
91857 9
91874 8
91879 2
91887 6
91934 1
91941 4
91947 3
91950 2
91976 5
91991 9
91996 2
92025 27
92028 2
92043 1
92085 12
92088 2
92097 1
92120 1
92123 2
92130 4
92144 1
92147 2
92150 1
92156 5
92162 3
92171 3
92183 9
92192 6
92198 4
92203 3
92207 1
92214 4
92224 4
92239 10
92253 8
92261 6
92265 2
92275 2
92296 3
92305 5
92313 6
92339 11
92357 6
92369 7
92375 4
92388 9
92405 3
92411 1
92417 3
92425 2
92435 8
92444 2
92454 8
92474 7
92483 2
92488 2
92499 1
92508 7
92527 4
92533 4
92542 2
92574 4
92591 6
92610 8
92613 2
92620 1
92636 1
92644 1
92652 4
92666 3
92673 3
92687 10
92711 2
92722 5
92733 2
92763 2
92785 2
92799 1
92808 3
92821 6
92828 4
92842 2
92872 7
92878 3
92893 12
92908 2
92917 2
92935 4
92937 1
92945 4
92971 2
92981 3
92991 6
92997 1
93013 15
93030 14
93033 2
93054 13
93068 6
93077 3
93087 4
93097 3
93101 3
93105 3
93111 5
93117 2
93122 3
93148 1
93158 4
93173 4
93175 1
93185 3
93197 3
93204 2
93213 3
93224 7
93234 5
93244 3
93252 2
93258 5
93266 2
93271 4
93280 4
93285 1
93299 11
93313 2
93325 2
93329 1
93338 4
93372 20
93378 1
93394 6
93402 2
93416 7
93421 4
93430 1
93433 2
93444 1
93448 2
93455 2
93465 2
93476 9
93488 5
93491 2
93502 6
93510 4
93515 2
93517 1
93521 2
93538 11
93545 4
93555 9
93576 16
93587 7
93607 5
93620 2
93626 4
93636 2
93648 4
93661 10
93681 2
93686 4
93696 6
93703 1
93709 4
93721 4
93738 5
93743 3
93749 4
93760 2
93768 3
93775 6
93795 6
93799 2
93811 8
93829 8
93861 3
93876 13
93902 6
93907 4
93932 7
93937 2
93942 2
93959 3
93966 5
93968 1
93979 8
94003 5
94006 2
94010 1
94013 2
94021 4
94036 3
94055 2
94064 2
94076 9
94085 4
94111 7
94119 6
94130 6
94141 6
94156 6
94158 1
94169 10
94182 5
94198 8
94203 4
94207 3
94217 4
94245 8
94263 1
94272 7
94279 4
94286 6
94301 1
94305 3
94318 2
94322 2
94327 2
94332 4
94341 3
94347 5
94363 2
94377 11
94396 2
94418 14
94425 3
94429 2
94438 2
94442 2
94460 1
94465 1
94469 3
94471 1
94480 2
94483 2
94499 1
94508 3
94514 2
94523 2
94539 11
94556 4
94565 8
94588 9
94596 3
94608 5
94623 12
94642 6
94648 1
94660 3
94669 2
94694 16
94699 3
94717 8
94734 1
94743 5
94790 5
94803 2
94808 3
94824 2
94828 2
94842 3
94861 6
94891 2
94899 4
94937 3
94944 2
94961 1
94994 28
95000 4
95014 6
95029 12
95041 6
95046 2
95058 2
95063 2
95095 4
95119 2
95129 1
95139 4
95150 7
95156 2
95162 1
95183 5
95200 10
95205 3
95224 3
95237 7
95248 10
95259 4
95267 3
95279 5
95282 2
95292 6
95301 2
95350 11
95365 7
95370 2
95378 3
95399 4
95402 2
95414 2
95427 5
95431 3
95449 14
95468 18
95483 2
95490 4
95494 3
95500 2
95530 10
95555 1
95572 10
95580 3
95594 2
95604 4
95615 6
95631 7
95646 2
95651 4
95654 2
95660 3
95667 3
95682 1
95694 5
95712 8
95748 6
95766 7
95775 1
95785 2
95803 8
95810 2
95819 6
95839 2
95845 2
95857 1
95875 5
95883 2
95895 6
95901 3
95910 7
95933 1
95942 2
95947 4
95952 2
95959 3
95964 2
95967 2
95977 2
96000 1
96015 4
96029 2
96032 2
96035 1
96068 3
96079 4
96098 7
96112 6
96120 5
96131 4
96139 2
96146 4
96155 3
96161 1
96168 3
96172 2
96176 3
96182 1
96190 3
96193 2
96210 4
96219 3
96230 3
96241 6
96258 7
96274 12
96301 18
96318 2
96335 3
96343 3
96345 1
96348 1
96353 2
96356 2
96363 3
96366 1
96390 8
96402 10
96417 9
96428 3
96433 2
96448 3
96454 4
96463 3
96482 4
96496 4
96510 2
96520 3
96534 10
96548 2
96559 4
96562 2
96570 5
96577 2
96584 1
96590 2
96597 5
96609 11
96617 5
96631 12
96644 9
96662 1
96666 2
96673 2
96679 3
96691 4
96711 13
96731 9
96743 4
96752 2
96769 13
96780 9
96793 9
96799 1
96813 7
96828 13
96850 15
96859 5
96865 1
96868 1
96877 6
96893 2
96900 6
96926 4
96944 11
96950 2
96960 3
96967 5
96983 2
97010 2
97014 2
97034 7
97061 2
97072 2
97102 2
97120 1
97138 3
97143 3
97152 4
97168 3
97175 4
97180 2
97192 6
97221 2
97232 7
97241 4
97251 4
97264 3
97273 2
97300 19
97303 2
97325 5
97342 6
97369 3
97372 2
97387 3
97407 2
97410 1
97429 4
97443 5
97455 2
97466 7
97495 1
97511 6
97523 2
97529 2
97536 3
97566 23
97575 1
97584 4
97594 2
97605 5
97614 3
97635 1
97646 3
97652 3
97664 8
97682 4
97689 2
97697 3
97700 2
97715 4
97727 1
97738 9
97748 5
97756 2
97775 2
97781 3
97795 2
97801 2
97819 1
97832 3
97843 1
97863 8
97866 2
97874 2
97885 1
97893 7
97902 1
97925 2
97951 2
97969 5
97995 1
98002 3
98009 6
98016 3
98023 2
98032 6
98040 7
98049 3
98065 3
98075 3
98081 2
98096 5
98109 11
98132 11
98147 4
98163 10
98191 13
98202 10
98209 1
98220 9
98226 4
98247 7
98267 10
98272 4
98281 4
98322 17
98329 1
98341 3
98346 2
98349 2
98367 7
98400 14
98414 4
98442 11
98475 5
98483 5
98488 3
98499 5
98514 14
98522 2
98539 8
98546 3
98554 3
98563 4
98579 2
98584 1
98600 14
98614 6
98649 7
98654 4
98665 5
98672 2
98682 5
98717 15
98729 2
98770 4
98775 1
98788 4
98792 2
98800 7
98812 3
98824 2
98830 2
98861 9
98876 5
98884 1
98900 7
98918 1
98925 3
98950 2
98960 4
98967 4
98975 3
98989 5
99004 4
99011 4
99042 4
99048 5
99077 2
99080 1
99095 9
99102 3
99105 2
99123 2
99155 9
99170 9
99177 3
99193 13
99201 4
99217 8
99228 3
99239 2
99246 3
99259 5
99265 2
99293 5
99305 2
99315 4
99330 5
99338 7
99343 1
99350 3
99362 3
99373 7
99387 3
99394 5
99406 5
99424 3
99427 2
99443 2
99463 18
99471 1
99481 2
99487 4
99494 4
99500 3
99506 2
99519 6
99542 6
99547 2
99552 2
99558 5
99562 2
99565 2
99571 2
99587 3
99593 1
99597 2
99608 5
99619 4
99622 2
99636 3
99643 1
99670 3
99675 3
99695 10
99707 5
99715 6
99724 2
99740 9
99744 2
99762 7
99776 8
99803 5
99808 2
99822 1
99828 5
99831 2
99837 4
99859 6
99870 2
99881 5
99887 2
99891 2
99895 2
99914 9
99921 4
99932 3
99957 4
99964 3
99974 3
99992 13
99999 3
