0 0.0
1 0.130190522716
2 0.22484123107
3 0.16731802638
4 0.11993160723
5 0.0891548607719
6 0.0703468490474
7 0.0446995603322
8 0.0318759159746
9 0.0263800683928
10 0.0205178309722
11 0.0146555935515
12 0.0138006839277
13 0.00989252564729
14 0.00683927699072
15 0.00476306790425
16 0.00488519785051
17 0.00403028822667
18 0.00341963849536
19 0.00244259892526
20 0.00207620908647
21 0.00170981924768
22 0.000732779677577
23 0.00146555935515
24 0.000610649731314
25 0.000977039570103
26 0.000366389838788
27 0.000366389838788
28 0.000366389838788
29 0.000488519785051
30 0.000244259892526
31 0.0
32 0.000244259892526
33 0.000244259892526
34 0.0
35 0.000122129946263
