123 15
175 2
201 5
214 4
253 3
256 1
278 5
299 10
324 12
329 1
331 1
350 17
358 4
376 11
400 18
423 16
444 9
455 4
472 6
491 15
503 9
519 11
534 14
546 1
567 16
589 6
598 4
607 3
626 1
634 3
643 6
646 1
660 5
663 2
673 3
681 6
711 14
713 1
726 12
733 4
744 4
751 4
767 9
783 6
793 7
802 1
818 2
824 1
841 5
843 1
857 11
867 4
877 8
883 1
890 2
908 15
921 11
943 20
980 15
985 1
1009 11
1017 1
1036 11
1055 12
1074 5
1080 2
1090 9
1111 4
1125 3
1135 6
1151 9
1159 3
1179 16
1208 16
1211 2
1222 2
1228 4
1238 1
1275 33
1292 7
1302 3
1305 2
1322 15
1336 4
1360 23
1370 1
1406 19
1412 2
1426 1
1436 9
1443 3
1452 7
1466 2
1471 1
1480 5
1502 17
1508 1
1531 19
1549 6
1579 8
1586 3
1597 10
1610 5
1613 1
1620 6
1639 17
1645 1
1663 17
1670 3
1675 3
1685 8
1707 19
1731 19
1753 20
1758 3
1782 7
1788 3
1814 4
1829 8
1832 1
1836 1
1855 16
1858 1
1862 1
1869 2
1880 8
1887 1
1903 8
1917 12
1931 3
1945 8
1958 1
1974 5
1992 11
2002 7
2007 3
2015 5
2030 12
2051 7
2107 52
2113 1
2136 10
2139 1
2145 5
2156 9
2188 31
2209 20
2220 6
2229 8
2237 6
2250 2
2262 11
2271 1
2291 13
2295 1
2313 13
2353 2
2366 1
2377 8
2392 9
2420 13
2431 3
2444 4
2461 12
2473 7
2480 5
2500 3
2530 21
2545 12
2550 4
2565 6
2575 1
2584 2
2594 8
2611 15
2620 1
2635 5
2638 2
2643 4
2659 4
2674 13
2678 1
2685 1
2690 2
2695 2
2739 34
2767 19
2792 10
2808 7
2813 3
2822 6
2840 16
2869 17
2874 3
2895 19
2905 8
2913 7
2925 6
2936 8
2957 3
2986 27
2993 5
2998 2
3014 7
3019 4
3032 11
3045 12
3055 4
3072 13
3083 9
3091 6
3107 11
3120 12
3135 12
3147 3
3167 15
3178 5
3186 1
3192 2
3200 4
3214 3
3221 3
3234 7
3256 21
3275 10
3293 14
3295 1
3304 6
3335 20
3338 2
3358 19
3370 11
3381 9
3393 6
3403 5
3425 14
3442 12
3456 13
3497 31
3510 6
3515 3
3537 21
3540 2
3544 2
3549 2
3561 11
3583 21
3588 3
3595 2
3629 33
3649 16
3665 7
3681 14
3703 17
3711 3
3722 6
3747 20
3772 15
3784 6
3799 3
3810 10
3816 3
3830 11
3836 4
3845 8
3848 1
3877 19
3910 31
3919 3
3923 1
3943 4
3953 9
3959 5
3974 7
3979 4
3988 5
4003 3
4027 15
4034 6
4051 12
4100 30
4110 4
4119 3
4148 27
4153 1
4158 4
4171 3
4183 8
4205 19
4243 31
4260 5
4266 5
4286 5
4300 7
4318 6
4324 3
4329 1
4336 2
4353 16
4375 11
4386 1
4400 3
4406 2
4450 33
4462 9
4483 11
4492 1
4498 1
4510 10
4523 6
4531 6
4547 1
4563 11
4577 12
4585 1
4618 25
4665 39
4682 16
4701 2
4707 3
4720 6
4734 12
4747 1
4788 19
4794 1
4813 18
4820 2
4827 4
4848 12
4855 5
4858 1
4866 3
4875 7
4889 11
4894 3
4917 14
4924 4
4937 2
4939 1
4956 8
4968 10
4987 7
4998 9
5030 23
5033 1
5053 3
5078 24
5090 5
5113 22
5118 2
5126 3
5132 5
5138 3
5146 2
5157 1
5170 9
5178 6
5194 6
5205 1
5222 6
5231 2
5240 3
5263 18
5277 4
5295 17
5332 26
5340 7
5349 7
5355 5
5386 21
5410 15
5433 4
5437 2
5441 2
5465 4
5496 28
5507 7
5515 4
5531 11
5550 14
5560 6
5599 19
5611 10
5615 2
5636 5
5667 3
5682 3
5689 5
5694 3
5704 6
5713 1
5721 6
5749 23
5772 16
5782 8
5802 6
5807 1
5831 9
5851 5
5855 3
5866 7
5869 2
5880 7
5890 5
5923 23
5934 6
5959 10
5967 7
5989 18
5994 3
6001 3
6004 1
6017 7
6039 6
6045 4
6059 12
6072 9
6091 14
6110 13
6125 12
6134 1
6157 16
6163 4
6172 3
6183 2
6204 2
6217 8
6243 6
6249 2
6269 13
6272 1
6276 1
6315 9
6324 3
6341 16
6348 6
6365 13
6367 1
6381 7
6390 6
6410 12
6413 1
6429 15
6446 14
6460 5
6477 10
6495 5
6501 5
6519 5
6550 7
6553 1
6579 24
6587 1
6605 15
6614 7
6626 7
6636 6
6652 6
6657 4
6668 10
6684 12
6699 11
6708 7
6721 12
6724 1
6727 1
6745 10
6750 3
6763 2
6798 5
6808 4
6817 5
6838 14
6860 3
6865 4
6875 2
6888 11
6901 12
6912 4
6931 5
6937 4
6951 12
6974 14
6987 1
6998 7
7006 5
7011 4
7026 13
7030 3
7045 2
7058 1
7062 1
7075 1
7094 1
7103 7
7109 1
7136 12
7139 2
7152 4
7172 12
7194 13
7202 5
7209 6
7221 10
7235 4
7252 12
7262 3
7275 8
7288 10
7296 2
7309 2
7319 7
7335 11
7357 9
7369 11
7375 4
7388 12
7397 8
7402 3
7429 8
7463 23
7478 13
7492 12
7495 1
7508 3
7543 32
7548 4
7556 7
7572 13
7579 3
7609 5
7618 1
7631 10
7664 25
7675 4
7685 1
7703 5
7707 3
7720 9
7728 1
7731 1
7749 2
7767 8
7773 2
7779 3
7783 1
7788 3
7792 2
7811 9
7831 7
7834 2
7864 24
7879 14
7894 7
7912 10
7916 2
7932 2
7967 21
7977 9
8008 26
8018 8
8040 5
8049 6
8068 18
8073 2
8081 3
8087 2
8091 2
8094 1
8102 2
8109 2
8118 2
8124 2
8126 1
8138 5
8144 1
8174 27
8189 7
8205 12
8213 1
8239 19
8247 1
8258 4
8265 5
8297 2
8305 1
8308 1
8316 1
8357 29
8402 23
8443 39
8448 1
8462 12
8475 7
8485 3
8490 2
8494 3
8501 5
8507 4
8541 17
8555 5
8557 1
8563 3
8579 3
8585 1
8610 13
8630 16
8648 10
8653 4
8676 9
8688 7
8695 5
8701 2
8715 13
8765 48
8771 2
8785 11
8795 9
8820 15
8847 7
8865 14
8872 3
8881 4
8901 16
8907 2
8918 1
8930 10
8943 3
8950 6
8960 4
8975 11
8986 8
8994 2
9000 3
9002 1
9008 1
9021 6
9031 8
9048 9
9055 1
9061 4
9075 11
9079 2
9087 1
9110 3
9148 29
9163 1
9169 4
9173 2
9180 5
9191 10
9210 11
9221 3
9238 16
9246 5
9254 3
9263 7
9267 2
9270 2
9277 5
9286 7
9317 1
9327 4
9346 7
9355 3
9377 20
9389 1
9392 1
9420 23
9441 6
9443 1
9470 1
9472 1
9502 17
9521 17
9532 2
9548 4
9571 11
9575 3
9582 5
9624 20
9628 2
9636 3
9641 3
9646 3
9650 2
9657 3
9673 15
9684 10
9699 13
9702 2
9717 6
9725 3
9730 4
9735 4
9746 3
9762 2
9813 28
9857 38
9873 11
9877 1
9891 6
9898 5
9906 6
9922 13
9957 16
9974 7
9984 2
10026 34
10037 4
10043 1
10064 12
10070 2
10077 3
10087 5
10134 37
10145 8
10150 1
10155 1
10163 1
10169 4
10178 8
10192 12
10202 1
10204 1
10216 8
10234 4
10253 7
10263 8
10301 12
10308 4
10321 1
10329 1
10336 1
10364 22
10397 1
10401 3
10408 5
10421 9
10432 3
10436 1
10452 10
10489 18
10498 5
10534 34
10544 2
10563 2
10580 8
10594 1
10643 17
10651 4
10683 8
10688 3
10698 4
10715 4
10758 36
10776 12
10781 1
10787 1
10799 11
10805 4
10815 4
10828 9
10844 4
10855 2
10860 3
10872 6
10901 28
10911 7
10918 6
10927 3
10937 5
10948 5
10956 1
10960 1
10978 12
10989 5
11005 3
11011 4
11016 3
11027 1
11029 1
11034 2
11044 2
11055 9
11062 2
11069 4
11076 6
11083 3
11097 11
11120 17
11124 3
11138 11
11147 6
11163 14
11186 18
11217 10
11228 9
11244 10
11260 7
11264 3
11268 2
11281 7
11288 5
11299 4
11310 3
11321 4
11345 16
11367 10
11378 4
11399 3
11403 2
11422 16
11440 5
11451 9
11462 7
11469 3
11482 3
11495 4
11513 5
11532 11
11540 4
11545 1
11547 1
11556 7
11595 34
11599 1
11617 9
11632 13
11652 19
11674 3
11684 6
11694 7
11698 2
11715 14
11721 4
11732 5
11735 2
11744 7
11755 9
11769 1
11784 9
11797 6
11805 1
11816 4
11828 7
11846 16
11852 1
11863 6
11866 1
11893 17
11915 20
11928 3
11932 3
11945 1
11960 3
11974 13
11998 21
12010 1
12031 20
12043 2
12054 10
12066 8
12073 5
12111 37
12129 2
12133 1
12140 6
12143 2
12149 1
12153 1
12155 1
12174 2
12188 4
12198 2
12201 1
12230 20
12253 18
12274 15
12280 2
12291 3
12313 17
12324 1
12334 6
12340 5
12343 2
12365 5
12375 9
12390 13
12415 13
12446 27
12455 2
12461 5
12470 2
12475 3
12500 11
12529 23
12534 1
12542 6
12554 9
12560 4
12577 1
12600 15
12650 49
12659 4
12673 1
12680 2
12684 3
12700 10
12720 7
12731 1
12737 5
12743 2
12746 1
12757 6
12771 6
12785 3
12795 5
12806 9
12809 2
12819 6
12830 6
12835 4
12845 5
12851 1
12857 3
12875 16
12886 6
12892 3
12907 6
12922 14
12956 23
12969 8
13000 30
13010 3
13017 6
13020 2
13043 22
13056 11
13080 22
13106 11
13124 17
13135 2
13154 13
13179 23
13193 12
13201 6
13214 12
13221 2
13250 7
13276 24
13283 3
13286 2
13289 2
13298 6
13307 4
13322 14
13347 3
13368 9
13374 5
13383 7
13397 12
13404 6
13423 8
13461 26
13473 7
13487 11
13514 26
13521 2
13532 5
13550 7
13553 1
13563 9
13572 8
13594 6
13609 8
13617 7
13635 3
13640 1
13668 23
13716 37
13740 22
13745 2
13756 7
13768 6
13786 15
13798 3
13819 13
13837 10
13845 7
13868 1
13872 1
13886 5
13894 5
13918 20
13928 7
13938 8
13960 17
13963 1
13988 5
14000 8
14013 5
14038 13
14046 1
14055 8
14057 1
14067 4
14092 3
14100 7
14114 8
14124 1
14130 4
14149 9
14153 3
14167 10
14171 2
14188 15
14201 12
14204 1
14219 14
14225 3
14236 4
14246 5
14265 14
14290 7
14301 10
14314 2
14321 6
14326 3
14341 1
14367 25
14376 1
14413 36
14417 3
14420 2
14443 15
14451 3
14454 2
14461 6
14464 2
14467 2
14476 5
14495 8
14498 2
14505 2
14525 2
14543 12
14547 3
14557 1
14575 14
14587 4
14605 7
14620 12
14628 7
14645 5
14663 9
14667 1
14676 8
14688 1
14703 7
14732 26
14737 2
14758 5
14763 3
14779 3
14788 2
14791 1
14800 5
14809 3
14818 8
14827 8
14841 11
14846 4
14860 10
14874 2
14922 44
14926 2
14928 1
14945 5
14964 17
14967 1
14974 5
14980 4
14991 6
14995 2
15024 19
15073 26
15093 8
15100 3
15107 6
15113 5
15122 3
15160 7
15184 17
15201 12
15206 2
15235 22
15261 9
15266 4
15272 1
15286 12
15298 3
15322 22
15331 3
15339 4
15371 6
15394 15
15424 1
15429 3
15452 2
15458 5
15470 1
15490 18
15502 2
15516 13
15557 22
15568 4
15597 10
15611 9
15632 1
15634 1
15651 6
15657 5
15680 21
15691 10
15726 25
15731 1
15734 1
15754 11
15780 1
15788 5
15806 11
15821 11
15836 10
15845 5
15858 12
15886 24
15892 5
15916 16
15923 4
15926 2
15932 4
15948 15
15963 7
15974 7
15986 6
15997 5
16020 8
16041 20
16045 1
16066 17
16087 14
16101 12
16123 19
16133 2
16140 5
16152 10
16168 1
16181 5
16186 4
16194 4
16212 17
16219 3
16250 8
16257 5
16269 2
16282 11
16291 3
16297 4
16303 5
16326 17
16346 13
16369 5
16379 3
16391 1
16405 11
16425 11
16445 18
16483 35
16497 1
16509 8
16518 7
16537 17
16551 4
16558 2
16570 9
16609 5
16615 3
16621 5
16636 6
16640 1
16688 45
16697 5
16706 2
16709 2
16734 24
16737 2
16762 9
16771 8
16798 19
16802 1
16812 2
16829 3
16837 3
16844 1
16849 2
16853 2
16860 6
16870 7
16873 1
16879 5
16887 6
16894 4
16896 1
16927 28
16931 2
16939 4
16945 2
16949 3
16952 2
16967 7
16971 2
16981 6
16994 7
17000 3
17008 2
17018 3
17041 22
17050 2
17057 5
17063 5
17075 3
17087 10
17097 8
17108 5
17135 4
17153 16
17165 4
17170 4
17179 8
17191 9
17205 4
17216 1
17220 3
17251 29
17272 20
17289 4
17295 4
17315 18
17323 7
17335 1
17364 6
17377 6
17379 1
17390 3
17397 4
17416 4
17424 4
17440 7
17445 4
17481 24
17492 1
17500 7
17512 6
17517 1
17524 6
17537 9
17545 4
17560 2
17566 2
17582 4
17608 17
17625 14
17630 3
17645 3
17647 1
17654 5
17690 31
17705 10
17714 1
17719 3
17745 18
17766 2
17775 5
17794 12
17804 5
17828 11
17858 28
17879 7
17884 4
17898 2
17912 4
17917 1
17939 18
17943 1
17956 9
17982 13
17988 5
18017 23
18032 13
18047 12
18080 30
18133 32
18143 1
18149 2
18172 15
18205 27
18217 7
18221 3
18239 17
18249 4
18271 5
18284 4
18299 6
18306 6
18311 4
18323 8
18331 6
18338 5
18359 12
18365 1
18370 3
18378 5
18382 2
18386 3
18395 2
18404 2
18419 7
18427 4
18453 12
18474 13
18476 1
18497 11
18509 7
18513 1
18516 1
18524 7
18534 4
18547 10
18554 5
18561 6
18576 4
18598 13
18604 5
18617 5
18658 39
18665 5
18669 2
18685 12
18692 5
18730 9
18747 10
18755 5
18764 5
18784 10
18790 3
18806 15
18820 6
18841 5
18857 12
18875 9
18891 9
18896 4
18903 5
18909 4
18926 14
18939 5
18947 2
18953 1
18960 3
18965 4
18974 4
18976 1
18989 2
19014 22
19032 17
19040 4
19043 2
19076 25
19100 8
19130 19
19138 5
19153 4
19166 3
19169 2
19184 8
19189 3
19199 1
19207 3
19220 4
19230 8
19251 10
19269 16
19274 1
19289 8
19293 2
19308 5
19318 8
19323 2
19336 3
19344 2
19352 4
19370 1
19375 4
19390 11
19422 18
19430 2
19439 7
19450 3
19471 7
19487 10
19500 5
19504 1
19523 8
19533 6
19535 1
19548 8
19595 44
19603 5
19615 3
19618 2
19629 10
19632 2
19637 1
19682 37
19689 2
19692 2
19694 1
19714 17
19726 11
19737 10
19750 11
19754 2
19763 1
19767 3
19776 5
19794 5
19816 7
19832 15
19838 5
19857 3
19865 3
19879 6
19886 5
19895 1
19929 33
19941 1
19946 1
19952 4
19958 4
19978 16
19986 4
20007 3
20018 10
20031 1
20045 10
20052 4
20064 3
20086 5
20098 10
20115 8
20121 3
20123 1
20128 4
20133 1
20140 3
20151 8
20167 10
20180 9
20199 18
20202 1
20215 6
20221 2
20236 12
20264 21
20282 8
20299 7
20312 10
20334 19
20348 4
20371 9
20379 2
20381 1
20393 5
20402 8
20412 7
20420 6
20429 3
20442 7
20461 6
20474 11
20488 9
20495 3
20503 5
20515 5
20525 1
20553 4
20556 2
20571 8
20578 1
20587 3
20603 1
20613 7
20633 5
20652 8
20681 24
20696 8
20705 1
20732 16
20744 9
20750 3
20757 4
20779 12
20791 1
20796 4
20798 1
20848 21
20851 2
20857 2
20862 4
20876 13
20908 26
20935 3
20942 6
20948 3
20953 2
20982 27
20986 1
20990 1
21008 15
21011 2
21015 3
21024 3
21039 10
21049 8
21055 3
21075 19
21086 1
21091 1
21122 16
21141 1
21161 19
21173 1
21188 8
21197 3
21209 7
21213 3
21215 1
21223 4
21238 3
21278 30
21294 11
21312 16
21331 17
21357 10
21375 15
21382 5
21412 3
21415 2
21417 1
21437 7
21457 17
21486 28
21503 6
21524 15
21533 5
21546 6
21560 8
21583 10
21587 1
21603 8
21624 12
21644 1
21650 3
21669 14
21699 13
21718 4
21726 7
21744 6
21792 45
21814 20
21824 4
21837 1
21857 17
21865 2
21869 3
21883 11
21898 9
21915 15
21950 19
21976 20
21988 10
22001 10
22014 9
22030 3
22047 11
22050 1
22061 1
22068 2
22073 1
22093 8
22106 8
22112 4
22115 2
22128 12
22147 4
22173 21
22189 6
22201 3
22223 18
22252 13
22280 13
22290 6
22317 15
22320 1
22337 9
22342 1
22356 10
22369 8
22378 5
22390 8
22424 7
22433 4
22442 1
22455 1
22463 6
22486 11
22498 2
22518 5
22526 5
22534 4
22562 7
22588 1
22602 6
22607 2
22623 8
22651 6
22664 8
22670 1
22678 4
22709 24
22723 3
22735 7
22742 6
22758 13
22766 3
22771 1
22790 18
22806 6
22813 2
22823 8
22841 14
22852 9
22869 8
22874 4
22877 2
22882 3
22891 1
22901 9
22908 5
22925 16
22951 7
22956 2
22968 10
22991 11
22998 2
23001 1
23013 4
23032 4
23049 10
23067 5
23085 11
23095 7
23110 4
23146 34
23148 1
23162 3
23204 37
23211 5
23216 4
23253 17
23270 10
23277 3
23296 1
23305 7
23316 7
23343 9
23352 7
23376 16
23403 10
23424 1
23442 16
23454 1
23462 6
23480 12
23486 5
23556 38
23563 5
23593 27
23600 4
23614 6
23624 8
23630 3
23643 11
23652 8
23657 1
23664 1
23676 5
23687 5
23693 4
23732 19
23743 7
23745 1
23778 18
23804 24
23821 1
23874 23
23901 21
23911 3
23915 1
23936 19
23948 9
23956 5
23965 1
23968 1
23976 1
23981 1
23986 3
24000 13
24021 20
24034 2
24049 1
24069 13
24073 2
24087 11
24099 11
24124 23
24150 18
24155 2
24169 4
24185 8
24191 5
24213 11
24223 4
24259 24
24264 3
24271 6
24280 5
24289 5
24299 2
24313 11
24350 21
24355 1
24371 3
24373 1
24376 1
24391 14
24427 11
24440 9
24453 8
24474 17
24476 1
24492 8
24505 3
24517 4
24520 2
24526 2
24541 3
24556 1
24566 5
24576 4
24582 4
24592 2
24614 6
24620 4
24639 7
24667 4
24672 1
24678 3
24704 11
24722 9
24725 1
24744 12
24748 1
24751 1
24765 8
24778 9
24800 3
24809 1
24813 3
24823 2
24828 1
24838 7
24842 2
24857 13
24861 3
24865 2
24867 1
24873 3
24890 14
24906 7
24949 25
24964 6
24972 3
24979 1
25011 29
25021 6
25049 20
25059 1
25075 8
25084 4
25105 20
25116 10
25129 10
25150 10
25187 30
25195 5
25201 2
25211 5
25222 7
25233 3
25250 11
25292 24
25325 29
25334 1
25337 1
25355 12
25374 6
25378 3
25391 11
25397 5
25424 24
25444 13
25481 35
25511 29
25534 5
25561 21
25566 2
25581 10
25596 6
25607 9
25623 13
25631 2
25656 6
25670 4
25696 2
25724 10
25737 11
25744 4
25767 8
25784 7
25793 7
25799 3
25812 6
25820 5
25829 5
25841 8
25845 2
25864 18
25868 1
25876 5
25888 10
25898 4
25922 8
25959 36
25981 6
25992 4
26004 6
26031 21
26046 12
26058 3
26100 24
26125 17
26140 3
26148 3
26173 12
26198 15
26220 11
26228 7
26241 1
26251 5
26255 1
26259 3
26270 6
26288 3
26290 1
26299 6
26306 6
26316 7
26341 2
26359 6
26389 18
26393 3
26434 30
26453 13
26479 19
26495 10
26498 1
26514 3
26523 5
26542 11
26568 24
26573 4
26590 10
26596 1
26612 1
26626 4
26636 3
26657 20
26665 5
26671 1
26680 1
26697 16
26705 4
26712 1
26738 20
26747 7
26758 9
26770 1
26779 8
26787 5
26803 7
26824 13
26829 1
26831 1
26843 5
26860 4
26868 7
26881 8
26892 10
26900 2
26959 5
26975 11
26986 5
26994 5
27007 2
27009 1
27043 7
27050 5
27059 4
27086 23
27093 4
27109 9
27121 6
27127 3
27134 4
27156 13
27170 10
27176 3
27201 21
27225 7
27228 1
27235 6
27248 9
27267 5
27269 1
27278 5
27302 2
27324 15
27335 6
27345 5
27355 6
27372 14
27387 2
27391 1
27402 2
27429 2
27448 16
27458 2
27471 1
27480 8
27492 3
27503 1
27520 5
27551 17
27577 9
27580 1
27584 3
27607 15
27619 11
27652 27
27656 2
27676 16
27685 1
27706 16
27712 5
27720 3
27737 14
27755 12
27758 2
27762 2
27771 1
27773 1
27783 2
27788 1
27800 11
27805 3
27813 2
27828 10
27836 2
27845 1
27858 6
27868 4
27875 2
27886 10
27914 24
27922 5
27924 1
27938 3
27944 4
27950 5
27965 12
27979 13
27988 3
27995 5
27998 1
28011 8
28045 14
28063 16
28071 5
28090 14
28099 8
28153 17
28163 8
28171 4
28198 22
28204 3
28225 4
28260 5
28297 31
28306 6
28328 19
28340 1
28370 13
28385 1
28389 3
28399 5
28401 1
28420 4
28436 6
28455 14
28462 3
28471 1
28474 1
28497 21
28500 1
28506 3
28516 4
28530 13
28555 19
28566 4
28576 4
28594 12
28624 27
28626 1
28629 1
28652 2
28664 4
28677 8
28702 20
28717 1
28727 5
28738 7
28752 9
28767 3
28777 7
28782 1
28790 5
28798 5
28809 1
28814 4
28841 25
28882 14
28902 14
28915 10
28933 4
28960 18
28969 6
28972 2
28991 17
28999 4
29028 10
29066 30
29103 30
29114 7
29120 3
29129 4
29146 13
29154 4
29168 2
29180 7
29188 4
29195 6
29256 59
29284 3
29303 5
29327 6
29339 7
29362 21
29407 20
29410 1
29433 7
29445 4
29458 4
29496 14
29505 2
29535 8
29551 1
29557 3
29573 12
29578 1
29588 9
29592 3
29611 3
29617 4
29631 5
29648 10
29655 6
29667 4
29676 7
29686 4
29698 3
29712 3
29729 1
29742 7
29749 1
29776 7
29782 1
29789 2
29807 1
29822 13
29870 43
29879 5
29889 4
29949 7
29968 12
29982 4
29986 1
29989 2
30010 18
30016 2
30033 10
30049 7
30051 1
30058 2
30071 10
30075 2
30080 4
30105 23
30113 4
30117 2
30145 25
30173 21
30218 33
30263 11
30272 3
30298 18
30301 1
30312 1
30324 11
30339 12
30353 4
30357 1
30364 2
30392 4
30420 26
30440 12
30447 5
30464 12
30481 1
30497 14
30506 1
30540 19
30564 15
30577 12
30590 12
30597 4
30612 6
30628 15
30641 10
30646 2
30674 16
30680 4
30684 1
30727 37
30731 1
30747 1
30761 2
30764 1
30814 27
30843 18
30856 1
30884 20
30888 1
30902 5
30918 4
30940 14
30950 1
30964 2
30973 5
30994 4
31001 4
31006 4
31032 16
31049 14
31085 30
31093 4
31114 9
31129 7
31138 4
31155 3
31169 9
31196 22
31226 16
31248 3
31268 11
31278 8
31305 15
31313 5
31319 5
31330 7
31338 3
31351 3
31367 15
31383 9
31403 10
31406 1
31416 7
31424 6
31445 8
31472 6
31489 10
31513 21
31523 8
31533 4
31536 1
31543 1
31556 10
31558 1
31568 5
31585 12
31593 3
31597 3
31618 6
31636 5
31647 6
31661 8
31672 10
31675 1
31677 1
31695 3
31712 8
31740 24
31766 9
31771 3
31790 7
31800 9
31820 16
31835 8
31864 25
31884 2
31901 14
31926 10
31936 5
31950 13
31962 10
31987 11
31995 4
32000 4
32025 21
32028 2
32036 3
32042 4
32049 5
32053 3
32063 4
32121 34
32143 6
32146 2
32170 11
32176 1
32190 9
32199 5
32205 1
32212 4
32215 1
32224 6
32239 10
32245 3
32247 1
32252 1
32256 2
32272 10
32278 2
32286 5
32294 6
32313 16
32317 2
32325 1
32334 1
32340 2
32351 6
32371 19
32381 8
32388 4
32392 3
32400 2
32414 3
32423 3
32427 3
32436 6
32439 2
32460 17
32476 10
32523 19
32532 6
32554 19
32567 1
32576 7
32592 14
32613 10
32623 7
32625 1
32639 12
32644 2
32648 3
32670 14
32682 3
32695 1
32710 13
32715 1
32736 18
32759 1
32769 9
32789 7
32803 13
32807 3
32810 1
32821 4
32836 13
32844 7
32858 6
32862 3
32905 35
32910 1
32928 9
32936 3
32947 1
32984 16
32995 1
33006 6
33019 5
33021 1
33028 6
33038 7
33060 8
33069 6
33079 5
33097 17
33108 4
33117 3
33130 4
33136 5
33156 18
33170 9
33174 3
33181 5
33191 7
33196 4
33218 6
33226 3
33236 3
33254 11
33260 1
33293 2
33303 9
33313 4
33332 10
33354 9
33372 8
33383 5
33408 9
33413 1
33451 5
33463 1
33466 1
33477 1
33497 18
33506 3
33526 8
33542 12
33552 9
33558 3
33564 3
33580 12
33615 3
33620 3
33633 6
33649 12
33673 13
33681 1
33696 12
33706 7
33713 2
33743 15
33784 33
33788 2
33829 37
33840 10
33846 4
33867 9
33877 2
33892 9
33919 22
33933 5
33936 2
33950 12
33963 9
33979 7
33990 10
33994 1
34004 6
34026 14
34037 10
34048 8
34052 2
34062 5
34080 16
34083 2
34095 8
34097 1
34108 1
34117 8
34119 1
34126 3
34131 4
34136 4
34140 2
34169 14
34200 3
34205 1
34222 5
34237 11
34244 1
34257 5
34262 2
34275 6
34302 26
34315 9
34321 3
34323 1
34327 1
34338 9
34343 2
34370 26
34393 3
34423 12
34428 2
34433 4
34447 10
34450 2
34463 1
34467 3
34481 4
34497 14
34514 15
34522 3
34535 6
34558 3
34568 7
34590 10
34598 7
34603 3
34612 5
34627 11
34639 1
34660 6
34678 6
34690 5
34706 13
34719 8
34748 22
34762 7
34800 16
34805 1
34823 3
34837 1
34842 1
34859 16
34861 1
34865 2
34884 5
34890 3
34902 1
34908 1
34923 9
34936 4
34950 1
34964 5
34969 4
34975 5
34988 4
34994 2
35003 5
35012 4
35026 10
35046 10
35061 13
35092 11
35096 3
35121 6
35144 22
35150 1
35170 5
35181 2
35197 6
35199 1
35211 1
35213 1
35220 5
35229 6
35232 1
35241 3
35259 11
35278 4
35287 8
35299 8
35324 17
35363 27
35369 1
35386 8
35408 5
35418 5
35432 5
35446 7
35450 3
35460 5
35479 10
35488 3
35501 8
35504 1
35515 10
35551 7
35568 15
35592 18
35613 10
35632 9
35635 2
35646 6
35659 11
35671 4
35688 14
35699 1
35722 3
35733 7
35751 6
35763 10
35800 33
35809 8
35819 4
35822 2
35841 18
35855 6
35860 4
35864 2
35873 2
35887 9
35893 4
35918 24
35930 3
35932 1
35951 13
35967 15
35979 6
35996 14
36028 25
36030 1
36035 1
36051 15
36060 1
36064 1
36073 7
36078 1
36097 6
36100 1
36118 11
36127 1
36144 8
36152 6
36179 21
36197 17
36204 4
36209 1
36231 17
36246 2
36280 17
36298 14
36311 3
36316 4
36327 3
36338 8
36343 4
36348 4
36360 5
36368 4
36407 13
36436 11
36459 20
36468 3
36474 5
36506 30
36564 48
36579 3
36592 3
36607 3
36621 8
36644 16
36656 1
36664 2
36671 1
36678 1
36696 7
36701 2
36720 4
36755 3
36757 1
36770 2
36789 13
36826 12
36835 1
36858 6
36895 8
36906 2
36909 1
36923 6
36942 3
36968 10
36983 9
36990 1
37003 3
37010 6
37048 37
37074 16
37080 4
37086 4
37112 24
37136 16
37141 1
37170 19
37187 14
37205 13
37213 7
37216 1
37232 13
37241 5
37248 5
37277 6
37316 36
37323 2
37345 11
37359 10
37370 1
37378 7
37383 4
37411 24
37434 12
37448 5
37461 8
37480 17
37500 3
37504 1
37529 16
37546 16
37555 4
37599 42
37608 4
37632 21
37639 1
37644 4
37661 5
37673 1
37694 17
37709 4
37715 1
37750 5
37769 5
37786 13
37791 1
37804 9
37814 6
37822 7
37827 4
37837 9
37840 1
37848 6
37856 1
37863 6
37880 14
37898 4
37901 1
37912 7
37918 4
37930 10
37941 5
37959 12
37964 1
37972 4
37984 9
37997 8
38024 14
38030 2
38055 24
38060 1
38068 7
38112 42
38118 5
38139 19
38150 1
38175 15
38205 15
38211 5
38225 7
38238 9
38247 1
38251 1
38262 2
38268 4
38288 3
38294 4
38321 8
38325 2
38343 1
38367 9
38383 7
38406 5
38417 8
38425 4
38438 6
38445 6
38450 1
38465 5
38488 19
38498 7
38507 7
38528 4
38556 25
38560 1
38573 1
38580 3
38586 1
38590 2
38596 4
38607 1
38621 9
38656 29
38681 19
38700 10
38705 4
38711 1
38746 19
38755 7
38760 4
38777 16
38782 2
38793 1
38798 1
38807 8
38821 13
38828 3
38837 4
38842 2
38855 12
38867 8
38891 14
38902 6
38911 7
38922 7
38943 13
38957 6
38985 12
39004 12
39012 2
39030 17
39042 7
39051 1
39079 19
39084 4
39094 5
39096 1
39109 7
39116 3
39145 14
39155 8
39177 12
39186 3
39202 15
39221 11
39242 10
39253 4
39263 9
39282 18
39287 4
39299 8
39313 13
39320 3
39353 10
39367 9
39372 2
39384 10
39418 18
39437 18
39466 23
39470 3
39485 10
39501 4
39527 21
39531 1
39556 17
39566 2
39572 1
39574 1
39589 14
39610 4
39617 3
39624 2
39634 6
39678 30
39689 3
39738 31
39747 5
39816 65
39846 26
39867 1
39879 11
39887 4
39893 3
39898 3
39931 32
39943 5
39951 4
39961 4
39970 3
39980 5
40000 11
40015 1
40025 2
40057 3
40080 20
40102 21
40111 7
40120 5
40135 4
40138 2
40144 1
40162 11
40178 4
40182 3
40200 2
40225 22
40248 21
40263 8
40268 3
40320 49
40328 6
40339 5
40346 6
40368 7
40378 3
40386 1
40391 2
40397 3
40408 9
40423 12
40442 5
40460 13
40467 5
40507 36
40512 4
40537 8
40555 5
40565 4
40580 9
40603 15
40605 1
40619 1
40648 18
40650 1
40675 23
40688 9
40699 1
40708 1
40731 21
40743 6
40753 9
40757 2
40769 1
40775 2
40800 9
40813 10
40821 4
40831 9
40858 21
40890 22
40895 4
40897 1
40918 5
40922 3
40941 12
40959 2
41026 44
41031 1
41041 4
41063 11
41070 3
41079 4
41098 14
41112 7
41153 25
41175 18
41178 1
41184 5
41193 2
41200 1
41207 1
41213 3
41222 3
41231 6
41246 1
41258 2
41278 19
41287 5
41298 10
41324 13
41356 7
41359 1
41369 4
41384 10
41395 10
41402 3
41427 17
41429 1
41436 6
41458 10
41504 29
41528 2
41537 7
41563 17
41566 2
41583 10
41596 5
41602 5
41611 6
41631 19
41647 15
41672 1
41682 4
41694 9
41712 8
41720 7
41725 1
41735 4
41741 3
41760 6
41781 18
41797 14
41810 2
41818 6
41846 26
41873 19
41877 3
41881 1
41898 16
41910 4
41939 9
41956 5
41970 10
41977 5
41986 7
41999 7
42006 5
42008 1
42014 3
42028 10
42039 2
42044 4
42050 3
42065 2
42068 2
42088 10
42103 5
42111 4
42119 2
42136 8
42153 1
42161 2
42170 1
42182 10
42191 8
42202 7
42207 3
42212 3
42224 5
42241 15
42261 17
42264 1
42278 4
42289 8
42297 7
42316 1
42324 7
42351 3
42380 4
42398 6
42412 3
42420 6
42425 1
42457 8
42474 5
42484 6
42490 5
42503 6
42519 15
42522 2
42527 1
42540 1
42562 18
42568 5
42580 1
42590 8
42631 23
42636 2
42661 9
42703 24
42717 6
42741 23
42744 1
42749 1
42756 1
42765 8
42774 6
42777 1
42791 9
42807 10
42814 1
42818 2
42831 1
42837 4
42841 3
42855 10
42878 19
42922 25
42943 6
42946 1
42952 1
42958 2
42975 9
42994 3
43003 4
43019 1
43052 30
43076 21
43090 12
43107 9
43141 17
43164 7
43171 6
43175 3
43181 5
43196 1
43200 1
43216 7
43241 13
43251 3
43253 1
43260 4
43266 5
43279 5
43296 2
43307 2
43328 19
43342 1
43362 7
43374 7
43378 2
43382 3
43390 3
43396 3
43419 7
43427 3
43433 4
43447 4
43475 25
43482 4
43493 9
43499 2
43507 2
43531 15
43540 4
43560 19
43578 1
43606 21
43623 9
43635 6
43651 10
43662 9
43672 9
43683 4
43716 1
43730 8
43753 19
43776 22
43802 17
43805 1
43814 1
43828 5
43848 11
43872 18
43877 2
43883 2
43896 8
43902 1
43909 6
43914 2
43922 1
43929 5
44004 66
44014 9
44021 4
44027 3
44035 3
44041 2
44043 1
44072 6
44078 2
44085 2
44123 26
44141 14
44155 4
44173 7
44192 6
44202 9
44219 15
44223 2
44235 8
44260 12
44266 1
44308 21
44329 12
44366 25
44370 2
44373 2
44391 6
44407 7
44428 10
44461 16
44471 2
44499 2
44529 4
44533 1
44544 3
44551 5
44561 5
44572 3
44581 7
44590 7
44605 3
44619 5
44624 4
44646 12
44652 4
44680 24
44697 8
44710 4
44734 3
44744 6
44746 1
44763 5
44770 5
44776 4
44795 12
44811 7
44827 7
44830 2
44849 16
44868 13
44874 1
44897 14
44907 4
44911 1
44929 2
44938 1
44944 3
44981 8
44985 1
45001 14
45005 1
45014 6
45035 2
45038 2
45070 21
45100 11
45105 3
45113 3
45122 5
45134 4
45147 9
45162 9
45181 8
45188 3
45191 2
45203 8
45209 3
45233 14
45258 22
45283 15
45287 1
45312 21
45331 6
45344 5
45360 9
45368 5
45375 2
45382 5
45404 15
45415 3
45419 2
45426 6
45432 5
45452 17
45465 11
45479 9
45493 8
45520 18
45529 3
45540 1
45561 2
45577 13
45618 3
45626 6
45640 7
45644 2
45656 10
45662 5
45695 21
45715 9
45720 4
45738 17
45745 3
45752 4
45761 4
45775 8
45780 3
45785 2
45797 3
45810 1
45812 1
45835 8
45847 3
45876 20
45894 12
45901 1
45910 7
45912 1
45921 7
45937 15
45951 10
45965 10
45969 2
45990 15
46011 8
46013 1
46019 4
46021 1
46042 19
46059 15
46062 2
46069 5
46080 5
46085 4
46088 2
46097 8
46104 2
46118 5
46131 4
46145 12
46161 11
46173 9
46187 9
46191 3
46199 4
46211 6
46231 12
46237 2
46241 1
46248 1
46256 3
46278 10
46299 15
46303 3
46310 3
46312 1
46323 4
46331 4
46342 6
46349 1
46354 4
46358 2
46375 3
46386 1
46394 7
46409 1
46430 18
46434 3
46437 2
46447 7
46459 6
46462 2
46509 38
46527 8
46563 35
46573 1
46593 7
46607 6
46615 5
46627 8
46666 33
46683 16
46697 1
46703 3
46730 25
46741 2
46745 1
46758 2
46777 9
46788 3
46802 2
46817 8
46840 21
46866 13
46873 6
46881 7
46907 3
46918 1
46930 4
46957 7
46978 3
46986 6
46997 1
47003 3
47016 8
47027 8
47056 22
47063 1
47077 5
47082 2
47086 2
47120 19
47132 11
47138 1
47156 16
47161 4
47173 5
47187 4
47193 4
47200 2
47205 2
47208 2
47222 11
47234 3
47254 19
47256 1
47263 2
47275 3
47296 4
47307 3
47318 6
47328 1
47339 2
47343 1
47355 10
47366 3
47385 12
47389 2
47407 1
47420 9
47434 5
47455 1
47457 1
47464 1
47466 1
47506 35
47510 3
47536 13
47551 7
47558 5
47579 17
47601 15
47628 24
47637 7
47641 3
47649 3
47659 1
47667 1
47678 8
47682 2
47695 8
47715 1
47722 3
47726 1
47734 4
47739 4
47752 10
47767 5
47788 7
47801 10
47806 2
47813 5
47829 11
47834 1
47837 1
47845 4
47852 6
47862 1
47876 10
47903 17
47922 4
47944 12
47968 21
47998 24
48012 3
48018 1
48030 9
48078 47
48088 9
48097 3
48102 4
48124 10
48135 5
48146 5
48159 1
48176 4
48181 1
48195 12
48201 1
48217 15
48224 5
48239 4
48269 25
48278 5
48291 1
48309 15
48326 14
48332 4
48339 3
48371 17
48392 14
48434 29
48450 13
48454 2
48472 11
48486 12
48498 2
48505 6
48522 5
48527 3
48533 3
48536 2
48540 3
48552 10
48575 4
48585 7
48597 6
48644 9
48655 9
48681 24
48690 6
48695 2
48726 18
48742 2
48761 6
48775 5
48785 2
48823 15
48837 11
48873 24
48890 11
48905 13
48910 4
48939 24
48947 3
48950 1
48954 1
48962 7
48970 7
48980 6
48997 13
49029 24
49040 8
49048 6
49051 1
49058 6
49074 10
49089 1
49093 1
49101 6
49123 10
49127 1
49135 3
49139 2
49146 5
49161 1
49175 8
49180 1
49196 6
49234 35
49244 6
49270 18
49280 1
49284 3
49291 2
49318 7
49336 17
49340 2
49356 9
49368 10
49378 1
49383 4
49404 14
49427 22
49445 4
49454 8
49463 6
49494 15
49509 13
49514 2
49537 22
49543 4
49545 1
49556 3
49570 1
49592 18
49597 1
49613 1
49625 2
49633 2
49667 6
49673 1
49699 10
49704 4
49711 2
49721 5
49747 5
49767 19
49772 4
49780 7
49787 4
49803 15
49834 4
49844 3
49856 6
49863 5
49889 24
49911 8
49923 7
49931 3
49935 1
49944 5
49957 3
49978 17
49985 5
50003 15
50006 1
50030 23
50036 4
50046 7
50051 3
50067 3
50084 2
50111 10
50141 25
50148 4
50156 6
50181 18
50186 2
50189 2
50193 2
50218 20
50229 10
50237 6
50250 8
50253 1
50258 4
50270 7
50292 11
50316 8
50323 2
50342 3
50362 5
50371 7
50380 1
50393 10
50406 9
50422 3
50453 9
50460 2
50468 1
50477 3
50497 10
50534 25
50544 8
50556 11
50569 7
50594 19
50612 7
50628 13
50644 15
50673 21
50678 4
50686 7
50699 6
50735 25
50744 1
50764 4
50785 12
50811 7
50825 8
50832 4
50837 4
50852 6
50859 1
50876 8
50903 2
50935 11
50941 3
50947 5
50976 4
50999 13
51006 3
51032 3
51036 2
51052 12
51058 2
51074 5
51091 14
51101 3
51122 19
51170 15
51178 3
51203 24
51209 2
51217 7
51236 16
51250 1
51257 4
51262 3
51268 3
51277 4
51286 7
51297 4
51328 22
51361 14
51375 1
51395 19
51401 2
51417 2
51424 5
51460 27
51469 7
51485 15
51490 4
51505 9
51507 1
51522 1
51525 1
51548 18
51568 7
51583 10
51599 9
51603 3
51634 6
51645 10
51649 3
51662 2
51676 3
51702 1
51706 3
51725 9
51757 31
51774 14
51786 6
51804 16
51840 18
51864 3
51876 5
51887 9
51894 2
51907 9
51915 1
51922 6
51925 2
51928 1
51947 3
51961 3
51967 4
51972 2
51981 4
51987 4
51994 2
52007 11
52016 1
52042 23
52092 49
52107 11
52122 11
52134 4
52191 40
52208 4
52228 7
52240 9
52243 1
52270 25
52282 4
52319 25
52329 3
52333 1
52347 4
52378 12
52388 2
52394 4
52401 3
52410 5
52424 13
52438 3
52462 18
52472 5
52478 1
52487 3
52491 3
52500 6
52513 11
52535 5
52544 7
52558 11
52580 4
52588 3
52599 7
52602 1
52612 5
52622 2
52629 4
52634 4
52641 3
52650 5
52683 19
52687 1
52712 3
52722 2
52727 4
52747 3
52753 4
52770 11
52785 2
52800 12
52820 9
52838 7
52847 5
52861 13
52865 3
52889 20
52905 5
52929 9
52954 18
52956 1
52982 17
52988 5
52990 1
53016 4
53034 14
53042 1
53066 22
53087 6
53093 3
53106 8
53110 1
53134 16
53150 9
53165 11
53169 3
53200 9
53213 1
53225 5
53246 6
53266 18
53279 9
53299 3
53315 13
53329 12
53332 1
53334 1
53345 5
53368 22
53394 4
53401 5
53413 5
53429 1
53436 5
53466 17
53471 1
53480 3
53494 11
53502 1
53512 6
53522 2
53549 10
53581 26
53619 24
53622 1
53629 1
53642 8
53651 3
53661 6
53671 5
53713 40
53729 15
53737 6
53758 12
53784 25
53811 19
53824 8
53840 15
53874 33
53896 9
53901 1
53920 3
53924 2
53937 9
53945 3
53960 14
53969 3
53984 12
53990 1
54027 27
54044 8
54057 4
54080 18
54093 10
54097 2
54103 3
54111 5
54132 19
54139 5
54143 2
54153 7
54175 9
54196 18
54207 10
54211 3
54223 1
54229 2
54235 4
54248 7
54252 2
54260 7
54280 15
54306 20
54326 3
54344 17
54353 4
54363 6
54381 16
54399 3
54418 13
54432 1
54442 3
54457 1
54463 5
54473 2
54477 1
54485 4
54502 5
54508 5
54513 3
54541 1
54576 33
54588 2
54593 3
54596 1
54616 18
54628 3
54640 1
54660 14
54673 7
54678 4
54695 10
54718 1
54738 3
54747 5
54763 11
54782 11
54785 1
54795 1
54809 9
54821 8
54827 1
54839 10
54844 1
54857 1
54881 11
54904 11
54911 6
54943 17
54953 6
54965 5
54977 3
54985 1
55013 11
55018 1
55037 5
55043 3
55051 7
55074 7
55079 1
55107 4
55111 1
55120 8
55133 8
55148 14
55154 4
55161 5
55177 14
55187 7
55196 6
55217 7
55241 6
55247 4
55261 1
55279 16
55286 2
55306 8
55318 10
55322 1
55335 12
55359 15
55372 8
55375 2
55385 8
55394 1
55404 1
55414 9
55417 1
55424 5
55431 6
55441 1
55449 7
55462 1
55475 10
55496 16
55511 11
55516 1
55525 3
55538 1
55541 1
55546 4
55570 3
55577 4
55594 13
55613 5
55624 3
55629 3
55656 8
55660 2
55681 19
55697 9
55705 7
55707 1
55713 4
55736 22
55747 3
55770 16
55777 3
55805 21
55825 9
55838 2
55845 6
55848 2
55852 3
55861 2
55891 27
55896 2
55907 3
55920 5
55932 2
55952 8
55960 5
55981 5
55997 13
55999 1
56011 3
56030 15
56039 8
56048 8
56063 6
56075 1
56091 12
56096 4
56101 4
56110 2
56151 29
56156 4
56159 2
56176 8
56184 7
56207 7
56214 5
56221 4
56224 2
56239 12
56248 2
56265 9
56267 1
56284 13
56296 8
56322 20
56342 17
56351 3
56362 3
56370 1
56379 1
56389 8
56414 1
56455 33
56475 19
56510 33
56541 25
56558 1
56564 2
56589 9
56600 1
56603 2
56608 2
56634 24
56671 29
56696 21
56708 3
56732 22
56740 6
56750 3
56755 2
56761 4
56780 12
56786 5
56795 4
56813 12
56840 15
56846 1
56863 6
56867 1
56869 1
56874 2
56912 12
56914 1
56934 15
56951 8
56969 10
56978 3
56990 8
56995 3
57006 7
57010 2
57020 4
57027 2
57036 8
57068 31
57071 2
57088 13
57093 4
57130 30
57139 7
57163 10
57196 14
57201 4
57207 1
57226 15
57234 4
57236 1
57251 7
57262 8
57270 7
57274 1
57290 12
57300 9
57306 5
57322 4
57337 1
57371 32
57382 5
57389 6
57391 1
57415 12
57429 6
57449 9
57457 2
57464 5
57490 15
57516 17
57522 4
57539 7
57552 2
57566 5
57587 14
57612 19
57640 4
57659 2
57673 4
57682 5
57690 6
57696 5
57701 1
57710 7
57715 2
57723 6
57734 8
57748 6
57756 5
57759 2
57769 6
57814 32
57833 2
57855 5
57859 1
57874 14
57886 6
57890 1
57914 17
57929 13
57934 3
57946 6
57960 3
57971 3
57995 16
58006 9
58012 2
58036 11
58055 11
58062 4
58067 4
58074 6
58103 20
58105 1
58115 1
58133 14
58147 12
58164 7
58180 10
58194 10
58209 11
58236 25
58242 5
58251 7
58257 3
58264 1
58285 15
58295 7
58303 6
58313 8
58320 3
58330 4
58336 2
58341 3
58346 2
58354 3
58393 22
58404 8
58421 15
58452 4
58480 20
58493 11
58509 6
58513 2
58516 2
58524 2
58533 6
58539 4
58589 42
58604 9
58618 7
58646 21
58689 41
58697 3
58710 4
58727 2
58748 6
58765 11
58805 22
58814 7
58818 1
58822 3
58828 4
58838 6
58842 1
58852 1
58863 1
58882 12
58887 1
58897 9
58912 7
58937 16
58947 1
58956 3
58969 1
58974 4
58984 4
58996 9
59000 2
59025 17
59031 5
59045 4
59060 11
59066 5
59083 10
59097 11
59104 6
59156 33
59192 16
59196 2
59204 4
59217 4
59246 20
59259 1
59276 9
59284 3
59293 4
59301 2
59307 4
59312 3
59342 28
59356 7
59368 5
59385 12
59388 2
59402 8
59413 10
59438 22
59443 4
59470 18
59491 6
59495 3
59512 1
59534 11
59548 13
59554 2
59574 14
59581 5
59595 12
59600 3
59631 29
59638 4
59652 11
59669 13
59672 2
59684 9
59692 7
59710 8
59737 1
59743 3
59748 2
59762 13
59780 16
59791 5
59803 6
59807 1
59814 6
59827 10
59843 10
59847 1
59863 4
59876 11
59884 6
59907 9
59914 1
59935 16
59941 1
59952 8
59961 1
59970 8
59987 15
60004 7
60009 3
60013 3
60015 1
60032 5
60049 9
60067 15
60082 3
60107 5
60114 4
60132 17
60148 13
60151 1
60161 6
60175 12
60205 28
60214 5
60220 4
60229 8
60239 5
60251 10
60274 17
60294 4
60304 4
60313 7
60317 1
60344 1
60370 1
60376 4
60385 8
60409 6
60415 3
60441 23
60448 6
60457 4
60461 1
60469 2
60481 2
60485 1
60493 1
60496 1
60500 3
60521 9
60523 1
60531 1
60551 1
60560 4
60564 3
60571 2
60587 9
60611 22
60615 2
60623 1
60630 2
60641 7
60667 25
60673 5
60683 5
60691 5
60711 19
60718 2
60732 9
60735 2
60747 8
60768 5
60807 9
60810 2
60815 4
60823 2
60835 6
60841 5
60859 3
60865 2
60881 3
60883 1
60891 2
60912 18
60918 1
60944 3
60948 3
60960 9
60963 1
60973 2
60976 1
60984 3
60991 5
60995 1
61000 4
61011 6
61025 10
61034 8
61048 5
61053 4
61072 12
61083 3
61085 1
61088 1
61116 6
61131 11
61143 10
61160 11
61176 8
61193 3
61198 2
61207 4
61214 3
61227 12
61238 8
61250 2
61256 2
61262 1
61278 15
61299 2
61305 2
61307 1
61322 13
61326 3
61341 6
61362 7
61364 1
61383 18
61392 7
61398 2
61410 6
61426 9
61441 7
61447 4
61474 17
61508 26
61511 1
61518 5
61532 6
61538 3
61567 17
61580 11
61589 6
61611 11
61632 5
61660 23
61672 6
61678 3
61685 4
61703 17
61714 6
61728 8
61739 3
61745 1
61754 3
61776 15
61787 2
61822 21
61839 9
61848 6
61860 5
61877 11
61889 7
61900 1
61912 10
61919 6
61921 1
61944 2
61947 1
61963 7
61967 2
61982 6
61985 2
62000 2
62027 25
62031 1
62036 2
62039 2
62047 3
62051 3
62061 6
62064 2
62077 12
62109 7
62112 1
62127 10
62159 17
62164 2
62176 9
62183 2
62198 5
62200 1
62206 5
62230 14
62251 7
62265 9
62273 2
62284 6
62299 11
62310 9
62322 4
62341 8
62345 2
62378 7
62408 29
62421 7
62449 15
62465 5
62478 9
62500 1
62513 5
62532 15
62558 1
62575 1
62585 7
62589 3
62592 1
62611 3
62618 2
62630 2
62632 1
62642 7
62656 7
62686 21
62697 2
62712 1
62724 8
62731 4
62743 4
62759 13
62770 6
62781 9
62796 6
62823 23
62830 3
62842 5
62853 10
62866 2
62890 10
62894 3
62920 7
62926 5
62931 2
62949 10
62962 11
62973 4
62980 4
62986 1
62999 12
63032 21
63041 1
63059 11
63065 3
63067 1
63083 1
63094 3
63099 1
63120 5
63149 5
63158 7
63197 23
63205 2
63217 2
63222 4
63234 8
63243 2
63245 1
63248 1
63280 2
63294 9
63298 1
63336 12
63380 37
63402 19
63407 2
63412 4
63425 7
63430 1
63449 15
63467 13
63486 2
63501 1
63554 49
63569 12
63589 7
63604 1
63617 9
63620 2
63642 9
63658 5
63673 10
63682 8
63692 7
63713 6
63729 3
63732 1
63738 5
63757 4
63770 12
63774 1
63783 2
63803 17
63815 4
63824 1
63841 15
63844 2
63863 17
63882 17
63889 1
63897 2
63907 9
63931 1
63933 1
63943 1
63946 1
63967 13
63972 3
63981 5
64012 25
64020 5
64031 5
64061 29
64066 3
64071 3
64077 4
64087 7
64101 1
64132 25
64134 1
64154 18
64166 3
64184 6
64193 6
64200 1
64215 14
64236 12
64259 8
64275 12
64288 2
64299 7
64319 8
64334 8
64346 2
64367 17
64370 2
64374 2
64385 10
64392 4
64406 7
64424 10
64453 3
64468 7
64471 1
64475 3
64509 22
64511 1
64522 7
64565 36
64583 15
64591 6
64600 7
64611 2
64615 3
64638 3
64645 2
64651 1
64659 4
64664 4
64678 13
64717 28
64719 1
64738 1
64752 11
64763 5
64766 1
64784 9
64797 2
64821 23
64838 11
64855 13
64858 2
64863 1
64867 2
64871 2
64895 20
64902 3
64908 5
64916 4
64922 5
64934 10
64940 1
64944 2
64949 3
64956 2
64962 2
64985 7
64991 4
65013 11
65024 1
65029 1
65042 6
65049 3
65053 2
65082 22
65088 2
65104 14
65119 6
65123 1
65128 2
65132 3
65146 12
65151 3
65169 15
65181 10
65186 2
65192 5
65204 7
65213 7
65254 29
65275 19
65297 4
65302 1
65310 6
65323 7
65332 3
65347 2
65362 10
65365 2
65394 28
65400 2
65428 7
65439 10
65452 8
65469 16
65494 15
65515 14
65528 6
65544 7
65579 5
65602 8
65607 1
65638 21
65659 9
65691 27
65722 12
65740 14
65757 14
65765 6
65783 10
65811 21
65821 5
65833 2
65850 6
65871 19
65878 5
65895 10
65909 11
65913 1
65931 4
65935 3
65947 6
65963 15
65973 6
66002 25
66007 2
66024 9
66063 16
66082 15
66109 21
66115 4
66128 11
66147 18
66179 16
66192 6
66213 10
66220 2
66227 3
66246 7
66278 28
66292 12
66317 12
66322 1
66331 3
66336 2
66348 5
66367 11
66383 13
66387 2
66389 1
66405 13
66425 16
66437 8
66466 6
66502 35
66504 1
66511 5
66514 1
66535 6
66537 1
66543 1
66565 11
66585 18
66589 3
66605 15
66609 3
66631 20
66641 5
66654 10
66695 33
66705 1
66718 5
66733 8
66743 4
66755 5
66773 13
66788 12
66795 4
66818 21
66846 1
66854 5
66867 4
66885 16
66889 1
66903 13
66912 1
66926 2
66933 2
66939 5
66963 13
66973 2
66988 2
67027 24
67038 8
67068 29
67075 6
67079 1
67083 1
67085 1
67101 8
67108 3
67122 10
67132 6
67142 3
67149 6
67156 5
67169 10
67173 3
67199 16
67212 10
67216 1
67233 4
67241 2
67258 10
67264 5
67288 18
67302 11
67317 10
67321 3
67341 5
67366 14
67380 11
67435 52
67445 4
67465 9
67480 13
67498 10
67501 1
67516 3
67532 15
67555 1
67580 10
67583 2
67592 1
67605 8
67608 2
67610 1
67613 1
67619 1
67634 3
67639 3
67645 1
67651 3
67657 3
67671 1
67679 2
67686 1
67700 1
67718 5
67727 8
67738 1
67755 16
67785 23
67811 18
67819 7
67829 9
67849 12
67852 2
67881 14
67911 22
67925 10
67931 2
67951 7
67962 10
67966 2
67972 4
67989 1
68014 1
68018 1
68041 7
68045 2
68065 7
68073 4
68080 6
68084 3
68086 1
68108 12
68121 2
68127 4
68153 1
68168 8
68199 4
68215 15
68226 5
68234 5
68243 8
68251 7
68256 2
68267 8
68278 3
68286 2
68302 11
68333 23
68344 5
68352 4
68362 1
68408 37
68410 1
68454 35
68462 6
68473 3
68484 7
68494 5
68499 4
68514 14
68535 19
68538 2
68575 20
68585 9
68619 33
68635 8
68651 15
68659 6
68666 6
68680 4
68689 4
68697 4
68710 8
68716 4
68723 2
68737 9
68743 2
68749 4
68754 1
68772 10
68781 8
68797 8
68837 36
68843 2
68853 4
68866 11
68873 1
68879 5
68892 8
68898 3
68912 5
68929 10
68947 5
68966 11
68970 2
68979 7
68988 5
69008 18
69019 4
69030 10
69052 14
69054 1
69075 20
69096 7
69103 1
69121 1
69135 8
69142 4
69169 12
69178 2
69180 1
69192 7
69200 2
69234 27
69249 10
69278 2
69304 21
69330 11
69343 9
69345 1
69352 6
69362 9
69374 7
69404 12
69431 1
69435 1
69448 12
69452 1
69466 1
69485 13
69492 1
69500 6
69515 13
69523 4
69534 5
69554 19
69557 2
69565 3
69569 3
69595 22
69599 2
69604 4
69624 2
69633 8
69640 5
69646 2
69671 19
69677 5
69691 10
69694 1
69701 2
69753 38
69784 10
69806 12
69813 6
69823 8
69841 5
69858 16
69863 3
69879 9
69899 16
69939 17
69945 4
69950 4
69990 26
70022 27
70026 1
70045 11
70071 1
70076 1
70085 6
70099 4
70113 6
70119 2
70147 13
70156 5
70180 19
70197 9
70214 15
70221 1
70235 8
70248 5
70264 10
70301 29
70320 7
70340 9
70346 5
70356 6
70367 10
70373 5
70393 14
70407 8
70410 1
70418 7
70423 3
70432 6
70456 13
70463 3
70481 7
70505 17
70545 29
70562 2
70566 3
70589 5
70637 22
70657 8
70686 26
70709 1
70717 6
70741 2
70751 3
70755 2
70780 15
70788 4
70823 6
70831 7
70842 6
70849 3
70857 4
70879 2
70901 10
70925 3
70934 4
70943 4
70954 9
70972 1
70979 6
70986 1
70995 1
70999 3
71004 3
71006 1
71036 22
71045 4
71060 8
71068 4
71083 13
71101 12
71120 7
71145 22
71187 24
71196 3
71210 12
71225 12
71249 14
71260 10
71271 6
71273 1
71275 1
71283 7
71295 9
71308 9
71324 5
71328 2
71340 7
71343 2
71377 12
71394 8
71408 9
71411 1
71423 11
71435 11
71442 3
71448 4
71465 7
71482 14
71491 4
71505 9
71517 6
71526 3
71538 9
71551 10
71557 3
71571 7
71574 2
71614 28
71630 6
71633 1
71650 10
71660 7
71673 11
71680 4
71691 7
71705 12
71728 16
71734 5
71753 18
71782 27
71801 9
71821 3
71842 12
71849 1
71854 1
71872 3
71881 7
71886 4
71901 9
71924 9
71953 23
71962 2
71971 2
71984 4
72003 4
72019 1
72028 7
72032 3
72044 8
72068 1
72084 9
72105 3
72111 2
72114 1
72135 18
72146 7
72155 6
72158 1
72177 4
72180 1
72187 6
72190 2
72202 1
72228 22
72239 7
72258 11
72279 11
72302 20
72319 15
72325 3
72343 3
72353 5
72360 6
72368 1
72371 2
72382 9
72397 1
72400 1
72422 3
72444 18
72493 47
72498 2
72506 5
72529 17
72540 7
72564 5
72596 6
72599 1
72620 15
72629 4
72633 1
72647 4
72659 2
72676 8
72691 7
72701 5
72742 16
72774 22
72788 3
72798 6
72806 4
72823 2
72872 13
72888 10
72922 1
72941 10
72968 4
72982 1
72990 1
73002 2
73015 1
73036 12
73049 10
73071 21
73115 38
73120 1
73133 7
73142 4
73148 1
73159 3
73187 27
73195 7
73200 4
73291 76
73304 11
73337 11
73348 7
73357 3
73359 1
73370 1
73378 7
73384 1
73409 24
73421 10
73431 9
73438 5
73446 6
73452 2
73465 9
73476 8
73489 3
73502 1
73519 9
73531 7
73543 1
73546 1
73552 3
73559 1
73578 5
73581 2
73592 4
73613 11
73629 10
73653 9
73656 2
73667 1
73698 5
73708 8
73716 7
73727 2
73735 3
73751 7
73761 1
73770 7
73790 7
73799 5
73819 5
73830 4
73842 7
73849 1
73863 11
73875 3
73887 10
73896 6
73929 5
73940 8
73942 1
73962 17
73978 8
73991 1
74007 10
74024 10
74039 4
74048 4
74051 2
74056 4
74074 14
74092 7
74095 2
74099 3
74106 4
74137 30
74149 3
74161 11
74165 1
74180 2
74218 33
74248 16
74283 20
74288 2
74309 2
74313 3
74343 24
74350 4
74357 1
74370 11
74378 7
74388 9
74392 2
74405 9
74416 2
74435 11
74449 9
74460 4
74486 15
74495 1
74504 3
74513 5
74515 1
74537 17
74546 2
74552 4
74563 3
74578 2
74592 7
74602 2
74612 5
74626 4
74636 7
74640 2
74643 2
74654 1
74664 6
74667 1
74679 2
74692 10
74706 9
74722 1
74741 2
74766 3
74779 11
74793 4
74806 2
74814 7
74826 4
74851 8
74856 2
74864 2
74878 9
74894 7
74934 39
74949 11
74957 3
74968 10
74979 6
74998 18
75003 1
75015 3
75041 3
75067 24
75086 13
75095 7
75114 9
75123 7
75128 1
75139 2
75158 11
75194 8
75196 1
75201 1
75213 6
75225 7
75239 9
75250 3
75257 2
75280 15
75294 12
75299 4
75309 5
75317 7
75333 4
75347 10
75366 4
75380 6
75399 10
75409 7
75462 40
75474 11
75487 10
75500 12
75509 7
75527 5
75535 2
75547 6
75550 2
75563 2
75572 6
75597 19
75604 6
75617 4
75625 2
75636 7
75647 9
75662 10
75673 1
75682 1
75692 9
75724 19
75742 17
75765 9
75783 1
75793 8
75799 3
75811 2
75832 18
75877 12
75896 9
75911 3
75921 4
75925 3
75933 2
75949 10
75951 1
75966 10
75997 17
76024 4
76031 4
76041 5
76060 12
76068 2
76074 2
76092 14
76107 3
76124 6
76181 56
76186 4
76195 1
76214 17
76219 2
76227 4
76242 4
76263 14
76273 5
76279 3
76292 8
76310 2
76320 6
76333 5
76354 19
76359 2
76364 2
76391 25
76418 22
76453 30
76463 9
76478 11
76501 10
76519 12
76527 3
76537 2
76562 7
76565 1
76575 3
76582 1
76592 8
76599 3
76610 8
76619 5
76636 6
76638 1
76645 6
76647 1
76663 14
76668 4
76679 2
76695 9
76713 14
76722 2
76744 7
76760 4
76768 1
76776 1
76808 29
76815 4
76825 8
76832 4
76837 2
76843 1
76867 22
76874 2
76887 7
76896 1
76931 11
76942 10
76976 33
76990 5
77001 4
77035 14
77045 3
77049 3
77055 1
77079 10
77092 11
77105 10
77126 17
77136 9
77148 4
77153 2
77155 1
77181 4
77197 9
77203 5
77209 3
77227 3
77256 3
77288 25
77296 7
77309 11
77321 3
77344 15
77367 11
77390 11
77396 2
77399 1
77427 19
77433 2
77457 18
77462 3
77481 8
77487 5
77512 14
77526 11
77538 5
77540 1
77547 6
77557 8
77571 10
77591 1
77596 2
77607 7
77619 2
77625 5
77663 13
77672 4
77680 5
77696 8
77723 7
77729 3
77734 4
77740 5
77780 37
77783 1
77818 33
77842 15
77847 2
77859 2
77867 5
77894 4
77917 4
77933 11
77943 1
77984 6
77988 1
78010 6
78023 6
78037 13
78072 29
78076 2
78079 2
78084 2
78099 6
78106 6
78117 3
78128 4
78140 1
78145 4
78153 7
78184 17
78190 1
78192 1
78199 4
78230 27
78253 9
78285 23
78289 1
78309 15
78313 2
78322 8
78352 26
78359 1
78368 5
78381 5
78411 4
78416 1
78422 1
78436 1
78445 4
78455 5
78470 12
78476 1
78489 3
78508 6
78510 1
78526 2
78551 14
78558 2
78570 8
78574 1
78589 5
78609 4
78639 25
78649 1
78653 1
78660 5
78664 1
78668 2
78675 2
78679 3
78689 6
78704 1
78715 6
78717 1
78743 14
78754 9
78757 1
78764 1
78767 1
78780 7
78805 8
78813 5
78816 1
78838 4
78862 21
78875 4
78902 14
78917 11
78928 10
78931 1
78963 27
78971 4
78975 3
78977 1
78991 7
79001 3
79012 6
79038 6
79052 12
79062 7
79099 29
79103 2
79117 6
79132 7
79140 2
79143 2
79157 12
79200 5
79208 2
79210 1
79223 3
79281 55
79287 2
79294 6
79308 4
79324 15
79348 4
79363 13
79381 12
79392 4
79399 6
79418 18
79470 20
79491 10
79504 9
79530 6
79537 6
79549 8
79567 12
79583 15
79595 1
79606 9
79628 14
79652 9
79667 1
79675 3
79688 3
79710 15
79742 5
79747 2
79752 3
79769 6
79780 1
79804 20
79807 1
79822 3
79858 4
79876 9
79883 4
79907 1
79910 1
79926 3
79947 13
79958 10
79980 2
79992 6
79997 2
80005 6
80015 6
80018 2
80049 20
80065 12
80081 6
80085 2
80129 37
80133 3
80148 1
80174 22
80186 5
80201 14
80212 8
80215 2
80228 7
80247 7
80280 3
80295 11
80305 2
80309 2
80323 4
80334 4
80356 21
80364 3
80376 5
80390 4
80392 1
80402 4
80417 6
80420 2
80436 5
80469 7
80502 22
80519 7
80532 9
80538 4
80547 2
80561 11
80571 9
80586 14
80610 7
80618 3
80643 20
80648 3
80654 1
80660 2
80681 20
80689 7
80695 4
80704 6
80714 3
80726 10
80731 2
80734 2
80746 6
80760 13
80764 2
80774 4
80788 3
80804 7
80827 5
80837 3
80847 1
80861 13
80871 8
80882 1
80902 18
80910 6
80923 3
80937 6
80967 14
81026 34
81045 11
81052 6
81064 10
81069 4
81080 5
81087 3
81102 4
81113 3
81122 7
81139 8
81147 5
81158 4
81182 15
81198 4
81239 15
81247 7
81278 15
81304 21
81363 48
81373 3
81379 3
81385 1
81394 3
81423 28
81439 13
81462 21
81467 3
81473 1
81487 12
81508 1
81512 1
81526 5
81535 8
81547 3
81563 15
81578 9
81588 8
81606 9
81623 8
81627 3
81633 1
81640 1
81658 16
81665 4
81670 1
81703 30
81719 1
81762 35
81770 4
81780 9
81790 9
81800 9
81815 10
81818 2
81830 10
81854 21
81868 8
81878 7
81889 9
81901 6
81919 7
81928 7
81937 1
81956 8
81971 13
81985 10
82009 12
82047 18
82059 7
82072 10
82077 1
82097 5
82135 30
82159 22
82168 6
82172 1
82201 3
82209 5
82212 1
82221 5
82230 6
82235 2
82244 4
82252 6
82262 1
82271 4
82289 4
82297 5
82299 1
82301 1
82309 7
82319 8
82344 22
82356 2
82361 4
82365 2
82385 9
82402 5
82423 14
82426 1
82430 3
82432 1
82439 5
82443 1
82445 1
82464 10
82482 8
82491 4
82500 1
82517 1
82526 5
82536 7
82552 11
82574 3
82578 2
82591 9
82659 24
82689 13
82700 4
82706 4
82710 2
82723 11
82734 5
82739 3
82763 2
82774 5
82785 4
82791 5
82800 2
82815 3
82836 18
82843 6
82846 1
82867 2
82877 6
82912 5
82920 7
82928 7
82971 29
82998 9
83025 18
83027 1
83036 7
83038 1
83046 4
83061 14
83095 27
83117 18
83129 8
83145 4
83163 3
83171 6
83193 20
83208 5
83226 10
83237 7
83245 6
83251 4
83263 4
83288 24
83293 2
83313 5
83337 18
83351 5
83359 6
83372 10
83424 48
83461 35
83469 3
83487 9
83498 5
83506 7
83520 12
83525 4
83555 22
83557 1
83561 3
83570 3
83584 7
83611 19
83623 7
83636 12
83643 6
83645 1
83653 1
83663 5
83687 13
83707 17
83724 2
83729 4
83734 3
83766 13
83788 5
83792 1
83839 20
83858 2
83874 15
83918 22
83929 3
83945 12
83956 3
83969 1
83972 1
83984 7
84005 18
84011 5
84033 12
84048 8
84053 3
84072 2
84086 10
84094 4
84102 5
84106 3
84113 3
84124 1
84133 5
84141 2
84163 20
84189 24
84198 1
84202 2
84212 5
84230 4
84242 5
84261 3
84265 2
84274 1
84277 1
84284 5
84288 3
84314 11
84319 1
84326 6
84340 9
84371 20
84403 23
84411 5
84431 8
84437 2
84443 3
84451 6
84459 3
84485 25
84492 4
84504 10
84507 1
84516 6
84524 2
84533 1
84545 3
84568 22
84593 17
84626 15
84629 2
84654 8
84661 2
84669 1
84701 16
84725 18
84741 3
84759 4
84790 30
84819 4
84827 5
84844 7
84872 5
84875 2
84899 15
84913 12
84921 4
84941 19
84950 1
84973 11
84982 2
84986 3
84997 10
85007 1
85021 3
85032 1
85043 7
85070 23
85074 1
85085 2
85099 12
85101 1
85111 9
85125 7
85133 2
85138 1
85146 1
85167 4
85172 3
85180 7
85193 4
85203 1
85216 4
85232 7
85236 2
85246 5
85262 10
85270 2
85291 8
85296 2
85312 6
85320 7
85333 11
85341 7
85348 1
85368 16
85377 5
85385 5
85403 16
85419 15
85434 3
85442 4
85466 2
85477 9
85483 3
85496 12
85504 5
85510 2
85518 4
85532 4
85566 28
85582 11
85601 13
85610 5
85637 14
85643 4
85657 1
85662 4
85674 1
85687 6
85692 3
85697 1
85702 4
85710 1
85733 22
85737 2
85746 8
85766 5
85781 10
85799 4
85822 1
85855 14
85871 5
85878 4
85884 4
85895 2
85904 1
85914 7
85924 8
85943 11
85968 2
85981 1
85996 1
86000 1
86016 8
86022 2
86032 6
86064 1
86073 6
86080 1
86091 9
86128 22
86130 1
86136 3
86160 18
86165 2
86197 16
86225 24
86231 1
86244 2
86264 14
86287 19
86300 3
86325 10
86337 1
86341 2
86385 42
86420 34
86448 16
86489 28
86497 7
86511 10
86518 5
86537 16
86549 8
86562 12
86579 14
86591 11
86600 1
86626 7
86645 2
86653 2
86662 5
86673 5
86685 2
86708 11
86722 12
86738 7
86750 5
86758 5
86767 4
86774 2
86804 13
86832 27
86843 10
86850 2
86855 1
86860 3
86869 6
86879 6
86891 1
86898 1
86912 13
86921 8
86943 21
86945 1
86951 3
86961 8
86974 8
86993 13
87013 11
87017 1
87025 6
87028 2
87044 9
87066 21
87078 3
87094 15
87126 16
87145 8
87152 5
87166 3
87182 9
87192 8
87212 13
87229 16
87271 35
87277 3
87293 8
87322 10
87338 9
87371 29
87373 1
87407 27
87422 2
87451 25
87462 3
87501 21
87521 14
87566 10
87578 4
87589 9
87608 1
87630 10
87642 10
87646 2
87651 1
87657 3
87681 20
87693 9
87720 3
87731 3
87739 3
87800 47
87805 3
87834 27
87845 1
87879 32
87890 8
87900 6
87915 10
87923 5
87927 2
87952 11
87966 5
87984 10
87989 1
88019 29
88034 10
88056 10
88064 6
88072 1
88082 6
88115 22
88118 2
88126 6
88138 10
88147 4
88150 2
88171 5
88178 6
88192 4
88207 9
88211 3
88239 15
88242 2
88253 8
88260 3
88267 1
88281 11
88317 11
88322 3
88346 12
88358 2
88363 1
88387 17
88390 2
88404 11
88426 8
88434 3
88445 4
88458 4
88474 13
88492 10
88518 9
88527 5
88529 1
88537 5
88554 12
88560 2
88568 6
88592 5
88630 17
88652 2
88666 12
88671 3
88688 2
88700 4
88707 2
88715 4
88725 1
88742 6
88763 19
88769 1
88784 1
88789 1
88810 3
88822 10
88841 15
88844 2
88851 1
88861 2
88867 1
88873 2
88892 9
88896 3
88917 16
88935 8
88948 11
88953 2
88971 16
88983 8
89000 4
89007 5
89013 5
89028 4
89042 5
89048 2
89063 7
89082 8
89099 9
89106 3
89112 5
89125 8
89191 59
89199 4
89272 16
89291 18
89307 1
89310 1
89313 2
89316 1
89322 1
89328 1
89335 4
89356 13
89362 4
89369 1
89380 5
89387 1
89397 5
89410 1
89415 4
89420 3
89433 11
89465 12
89494 26
89508 1
89541 14
89557 15
89560 1
89587 1
89591 3
89600 4
89616 2
89641 3
89651 2
89663 4
89677 11
89687 3
89706 16
89716 1
89729 8
89742 7
89749 5
89756 4
89766 3
89768 1
89783 7
89810 20
89822 2
89831 1
89855 15
89860 1
89868 3
89878 2
89903 16
89911 6
89914 2
89955 23
89962 5
89971 5
89979 4
89985 5
89997 6
90008 4
90014 2
90042 14
90048 5
90056 1
90066 1
90074 3
90077 1
90084 3
90094 9
90097 1
90101 3
90117 3
90128 2
90138 8
90187 23
90191 1
90206 4
90247 20
90254 4
90269 2
90285 3
90293 1
90301 1
90310 6
90327 10
90346 15
90356 2
90363 6
90379 1
90383 3
90393 5
90409 13
90424 8
90430 1
90443 5
90454 2
90456 1
90466 5
90469 2
90484 14
90491 4
90510 3
90541 27
90554 11
90565 10
90571 3
90575 3
90579 3
90603 3
90611 1
90618 6
90625 3
90635 9
90642 5
90665 2
90676 10
90693 1
90703 4
90724 5
90740 3
90760 18
90780 12
90784 2
90809 19
90820 7
90822 1
90830 4
90849 9
90863 9
90873 3
90881 4
90901 2
90914 9
90923 6
90939 6
90944 3
90957 10
90965 6
90984 4
91020 23
91024 3
91059 21
91063 2
91065 1
91073 6
91075 1
91089 9
91098 7
91112 7
91119 4
91138 1
91144 1
91153 3
91155 1
91172 7
91199 9
91216 8
91220 1
91238 4
91243 4
91252 6
91261 1
91267 5
91270 1
91281 6
91288 4
91300 7
91312 6
91316 2
91324 7
91360 25
91391 27
91397 5
91403 3
91417 13
91428 7
91434 1
91443 4
91474 26
91483 2
91488 4
91494 3
91496 1
91503 5
91511 7
91516 4
91519 1
91529 9
91556 14
91564 2
91591 21
91595 2
91601 1
91603 1
91628 11
91639 9
91650 3
91674 11
91691 16
91695 1
91708 4
91716 4
91725 8
91731 4
91746 12
91757 2
91765 7
91773 4
91783 6
91790 3
91797 4
91803 1
91818 4
91841 19
91853 10
91859 1
91869 8
91872 2
91886 1
91890 1
91905 2
91910 1
91917 5
91928 10
91936 4
91949 10
91961 11
91982 8
91985 1
91989 3
92007 7
92025 9
92030 4
92039 8
92047 4
92054 4
92070 12
92075 3
92087 4
92101 12
92111 7
92120 1
92131 2
92150 9
92155 4
92185 25
92190 3
92201 8
92206 1
92210 3
92219 7
92228 3
92241 4
92263 16
92268 1
92288 18
92303 13
92312 1
92318 1
92340 19
92389 37
92396 6
92405 5
92419 13
92427 7
92454 15
92484 8
92490 2
92503 8
92531 4
92536 3
92544 3
92568 5
92577 5
92580 1
92585 1
92594 3
92618 23
92624 5
92631 2
92643 7
92676 30
92685 2
92687 1
92719 28
92758 22
92775 3
92801 24
92830 16
92837 4
92858 20
92869 9
92883 11
92902 14
92917 5
92925 4
92938 7
92952 12
92984 13
92997 1
93006 8
93022 3
93028 4
93038 3
93046 2
93069 21
93092 20
93101 1
93104 1
93109 4
93126 16
93136 5
93144 3
93152 6
93168 12
93188 8
93212 16
93221 2
93223 1
93228 2
93240 11
93252 5
93254 1
93262 5
93264 1
93278 5
93292 3
93307 10
93318 5
93330 10
93337 6
93342 3
93351 7
93355 3
93364 5
93368 3
93384 5
93394 9
93400 2
93426 18
93459 17
93474 5
93486 9
93508 16
93531 20
93539 5
93577 16
93600 16
93614 13
93663 29
93672 6
93692 1
93712 8
93731 16
93736 1
93754 12
93767 5
93770 2
93798 9
93813 2
93828 1
93857 22
93912 38
93923 6
93939 5
93943 1
93960 15
93967 6
93983 3
93992 5
94022 17
94041 16
94053 9
94082 27
94107 23
94129 21
94163 27
94182 10
94191 1
94204 12
94224 12
94246 18
94264 9
94289 21
94298 1
94310 8
94317 3
94326 6
94347 17
94370 11
94402 28
94405 2
94419 8
94442 4
94471 20
94497 20
94505 7
94508 1
94512 3
94518 3
94530 9
94548 8
94590 29
94592 1
94613 16
94640 21
94646 3
94658 1
94661 1
94669 2
94680 9
94687 6
94706 14
94708 1
94718 4
94724 3
94730 3
94745 14
94759 3
94763 3
94772 7
94791 15
94800 8
94803 1
94817 2
94831 11
94839 2
94864 6
94876 6
94900 7
94910 6
94950 39
94958 1
94969 4
95002 27
95015 9
95023 1
95031 5
95044 10
95064 5
95067 1
95079 4
95095 11
95101 5
95115 7
95130 6
95136 3
95152 2
95175 3
95205 11
95208 1
95227 6
95233 3
95249 1
95266 3
95285 4
95305 7
95326 8
95339 11
95359 5
95362 2
95385 22
95393 4
95400 5
95427 25
95431 1
95459 5
95480 5
95502 6
95505 1
95515 8
95519 3
95530 8
95540 1
95563 22
95610 44
95617 5
95627 1
95662 22
95689 6
95722 29
95736 9
95742 4
95755 9
95775 9
95795 7
95832 31
95840 3
95863 9
95879 3
95911 28
95927 14
95953 21
95980 16
95989 7
95995 4
96009 8
96036 22
96038 1
96064 24
96069 2
96081 3
96086 2
96101 11
96135 18
96149 13
96166 16
96176 3
96182 5
96224 16
96247 15
96251 2
96261 8
96269 7
96277 4
96284 6
96288 3
96290 1
96295 4
96302 2
96311 7
96320 5
96335 11
96353 5
96365 3
96375 3
96379 1
96393 9
96413 18
96417 2
96419 1
96423 3
96432 1
96441 7
96448 2
96461 7
96479 1
96492 3
96499 1
96508 6
96533 23
96540 2
96546 5
96579 27
96590 1
96600 3
96615 3
96628 6
96653 17
96659 3
96662 1
96670 5
96677 1
96682 2
96694 8
96697 1
96702 1
96714 1
96722 6
96739 2
96753 12
96775 5
96804 28
96834 29
96842 2
96858 9
96868 5
96885 7
96921 30
96935 4
96945 9
96983 26
96996 7
97012 5
97058 45
97070 11
97077 5
97082 3
97103 14
97113 8
97120 2
97127 6
97150 7
97168 12
97172 1
97185 6
97216 26
97239 17
97245 5
97259 2
97266 4
97291 16
97304 9
97317 6
97383 30
97415 15
97423 6
97441 6
97466 2
97472 1
97482 6
97484 1
97510 24
97543 27
97546 1
97561 13
97568 3
97575 4
97594 5
97618 2
97644 10
97662 7
97714 16
97730 6
97735 1
97742 5
97756 1
97765 2
97781 3
97828 29
97840 4
97858 5
97863 2
97884 13
97893 2
97913 6
97927 3
97932 1
97959 26
97976 12
97993 1
98002 7
98015 2
98051 30
98054 2
98068 11
98073 2
98077 1
98091 6
98096 2
98106 4
98142 1
98148 2
98165 14
98174 4
98187 12
98206 4
98215 1
98239 22
98268 5
98279 4
98293 12
98312 13
98317 3
98337 9
98348 5
98356 4
98377 16
98392 7
98407 14
98413 4
98430 9
98446 4
98452 1
98464 7
98490 15
98497 3
98514 5
98521 5
98526 4
98539 6
98547 4
98553 1
98577 13
98629 46
98632 1
98652 13
98660 4
98667 5
98675 1
98689 7
98715 18
98730 10
98744 8
98760 6
98772 8
98782 4
98788 1
98810 10
98831 8
98844 9
98856 9
98880 14
98887 6
98896 5
98914 6
98930 2
98942 7
98952 5
98960 5
98986 23
98990 2
99006 14
99017 8
99036 9
99041 1
99069 19
99074 1
99086 4
99091 2
99095 2
99115 3
99118 1
99136 3
99139 1
99190 31
99193 2
99206 6
99234 27
99242 4
99248 1
99272 19
99286 9
99295 2
99312 13
99334 4
99345 6
99351 4
99357 4
99375 9
99427 50
99443 8
99459 1
99468 7
99490 8
99501 1
99513 11
99519 5
99527 6
99536 2
99548 11
99554 1
99561 2
99571 7
99578 2
99601 18
99614 5
99621 2
99658 19
99712 17
99726 3
99738 1
99753 10
99766 10
99770 2
99781 1
99787 5
99796 6
99813 16
99831 17
99843 10
99852 7
99863 4
99876 7
99890 1
99920 8
99952 13
99958 4
99975 14
99991 6
99994 1
99996 1
