0 0.0
1 0.150539140176
2 0.102926760958
3 0.0998459599496
4 0.0901834476964
5 0.077440134435
6 0.0616160201652
7 0.0571348550623
8 0.043831396163
9 0.0403304859263
10 0.0371096485086
11 0.029407645988
12 0.0259067357513
13 0.0197451337348
14 0.0172244783644
15 0.0176445875928
16 0.0155440414508
17 0.0134434953088
18 0.0120431312141
19 0.0109228399384
20 0.00784203893012
21 0.00896233020585
22 0.00826214815852
23 0.00560145637866
24 0.00630163842599
25 0.00532138355973
26 0.00322083741773
27 0.00462120151239
28 0.00266069177986
29 0.00406105587453
30 0.00308080100826
31 0.00154040050413
32 0.000840218456799
33 0.0025206553704
34 0.00112029127573
35 0.00154040050413
36 0.000980254866265
37 0.00182047332306
38 0.000840218456799
39 0.000700182047332
40 0.000420109228399
41 0.000140036409466
42 0.000560145637866
43 0.000140036409466
44 0.000560145637866
45 0.000420109228399
46 0.000140036409466
47 0.000420109228399
48 0.000560145637866
49 0.000560145637866
50 0.000140036409466
51 0.0
52 0.000280072818933
53 0.0
54 0.0
55 0.000140036409466
56 0.000140036409466
57 0.0
58 0.0
59 0.000280072818933
60 0.0
61 0.0
62 0.0
63 0.0
64 0.0
65 0.000140036409466
66 0.000140036409466
67 0.0
68 0.0
69 0.0
70 0.0
71 0.0
72 0.0
73 0.0
74 0.0
75 0.0
76 0.000140036409466
