135 1
149 1
163 1
183 1
191 4
198 1
207 2
242 22
252 5
273 4
279 4
295 1
311 1
325 7
341 1
345 2
354 5
383 2
393 1
434 33
457 14
468 10
475 1
478 1
485 1
491 1
498 6
518 2
523 3
578 36
615 26
622 1
635 6
637 1
656 12
666 9
674 1
680 5
703 10
713 1
740 24
750 1
782 31
804 10
810 3
814 1
830 9
838 2
844 4
875 7
909 17
957 44
960 2
979 15
981 1
1009 2
1027 16
1032 2
1036 1
1044 7
1056 5
1079 17
1091 8
1095 2
1116 20
1129 12
1135 4
1163 19
1186 21
1202 10
1215 4
1233 15
1240 6
1251 9
1267 13
1288 14
1333 39
1340 1
1376 6
1385 3
1411 24
1418 4
1429 10
1434 4
1454 15
1488 32
1497 4
1509 9
1517 1
1537 18
1576 34
1583 6
1599 6
1606 4
1618 10
1623 3
1667 35
1691 20
1736 42
1752 15
1754 1
1763 7
1802 24
1815 11
1820 2
1842 21
1863 7
1875 6
1885 9
1923 27
1928 1
1942 11
1948 3
1953 1
1966 5
1970 2
1984 5
1996 11
2025 27
2046 11
2113 53
2131 11
2141 6
2169 21
2176 5
2220 31
2230 4
2274 40
2276 1
2279 2
2286 2
2295 5
2319 20
2322 1
2361 35
2421 59
2458 31
2464 3
2473 2
2486 7
2508 11
2521 10
2524 2
2534 9
2536 1
2549 7
2566 12
2569 2
2579 4
2581 1
2646 62
2656 1
2662 4
2688 18
2695 4
2721 20
2726 1
2733 1
2735 1
2759 23
2765 1
2768 1
2774 5
2778 1
2813 26
2837 19
2874 25
2876 1
2879 1
2892 2
2899 1
2914 11
2921 5
2926 1
2929 1
2945 13
2958 1
2965 3
3000 30
3014 12
3018 3
3026 7
3030 3
3039 8
3059 3
3079 19
3081 1
3090 1
3106 15
3152 41
3155 2
3170 12
3173 2
3186 7
3197 10
3235 30
3245 2
3270 19
3277 2
3292 12
3307 6
3380 69
3382 1
3403 12
3411 4
3424 12
3450 24
3465 9
3473 5
3478 3
3503 19
3509 2
3521 7
3534 12
3548 12
3552 3
3556 2
3570 5
3588 1
3600 11
3614 10
3648 27
3693 32
3706 3
3712 1
3750 22
3770 17
3846 62
3850 3
3866 1
3874 1
3888 1
3905 1
3922 8
3937 9
3970 31
3981 9
3987 2
3994 5
4008 11
4058 43
4122 63
4131 4
4136 1
4151 13
4155 2
4174 15
4186 8
4194 1
4229 17
4241 9
4247 3
4266 17
4282 10
4290 6
4308 15
4310 1
4322 8
4364 9
4404 31
4439 29
4460 10
4464 1
4467 2
4481 11
4511 26
4520 7
4537 13
4547 1
4555 6
4573 3
4581 3
4591 9
4606 4
4611 3
4617 1
4647 6
4705 54
4729 9
4754 18
4771 14
4791 10
4810 4
4830 17
4853 15
4878 24
4946 66
4958 7
4962 3
4965 1
4968 2
4992 23
5032 35
5063 28
5071 1
5097 23
5110 5
5123 1
5131 7
5143 9
5156 11
5173 15
5198 22
5243 40
5248 1
5307 58
5324 9
5329 3
5397 64
5401 3
5404 1
5408 3
5434 24
5454 17
5495 25
5497 1
5507 2
5531 19
5547 5
5549 1
5553 2
5566 12
5593 25
5603 9
5614 4
5617 1
5635 9
5637 1
5674 34
5682 7
5700 9
5745 40
5756 4
5788 17
5804 7
5814 1
5839 24
5854 10
5866 3
5883 2
5891 6
5903 6
5923 18
5934 10
5954 5
5966 11
5977 6
5987 2
6007 16
6026 4
6034 1
6039 4
6057 4
6059 1
6066 6
6084 16
6100 12
6110 9
6122 8
6131 1
6133 1
6190 38
6205 14
6233 19
6326 91
6334 5
6384 48
6390 5
6450 49
6461 7
6473 6
6481 1
6487 4
6513 16
6563 40
6586 16
6593 1
6609 15
6612 2
6620 7
6624 1
6643 8
6650 6
6667 14
6681 4
6713 28
6721 6
6732 1
6740 1
6764 3
6790 24
6810 19
6815 4
6840 16
6851 5
6879 17
6894 6
6909 7
6913 1
6930 15
6946 5
6949 1
6985 16
7005 15
7020 1
7034 10
7057 22
7073 15
7099 12
7107 4
7117 4
7124 1
7135 5
7142 6
7156 13
7208 51
7222 5
7248 23
7254 3
7268 12
7298 25
7334 35
7365 20
7399 26
7406 5
7433 21
7442 7
7450 4
7456 4
7459 2
7470 10
7532 58
7538 4
7545 3
7602 54
7620 13
7651 26
7667 9
7697 27
7712 3
7720 5
7735 8
7829 93
7839 9
7845 5
7876 12
7907 29
7925 14
7933 1
8056 121
8078 18
8092 7
8101 8
8107 1
8140 30
8149 5
8160 7
8173 7
8198 21
8213 9
8224 3
8232 6
8240 5
8254 3
8283 4
8299 15
8310 1
8351 38
8361 4
8377 14
8390 11
8395 3
8472 69
8478 1
8482 3
8485 2
8529 23
8551 1
8569 1
8609 31
8616 1
8637 17
8668 9
8678 1
8704 4
8709 3
8721 11
8735 10
8773 16
8784 7
8788 1
8798 5
8801 1
8840 7
8847 4
8879 27
8903 14
8918 3
8920 1
8928 3
8962 33
9019 55
9038 18
9040 1
9057 7
9071 2
9077 3
9104 22
9129 13
9157 12
9174 9
9184 3
9202 10
9217 8
9228 5
9271 34
9284 6
9304 13
9310 4
9332 14
9341 6
9352 9
9396 24
9412 4
9488 75
9518 15
9553 34
9571 16
9581 3
9594 1
9611 11
9623 9
9631 6
9657 21
9673 5
9686 12
9690 2
9716 23
9731 13
9738 5
9752 1
9757 1
9773 14
9784 1
9802 2
9835 31
9861 20
9890 22
9898 6
9913 8
9924 10
9942 13
9947 1
9977 17
9984 2
9990 2
10013 21
10035 13
10068 32
10076 1
10083 3
10090 1
10116 21
10131 14
10149 14
10178 27
10197 18
10203 5
10231 21
10274 39
10279 2
10319 39
10324 2
10364 35
10400 35
10403 1
10408 2
10427 15
10480 42
10505 18
10519 11
10536 6
10558 1
10568 1
10577 2
10609 30
10619 5
10664 37
10670 5
10763 88
10786 21
10804 9
10812 3
10845 23
10861 14
10937 69
10939 1
10948 5
10991 36
11035 33
11045 5
11051 3
11070 13
11084 4
11108 11
11119 8
11124 2
11154 15
11192 35
11206 1
11234 24
11249 14
11262 10
11337 71
11352 12
11399 46
11410 1
11424 12
11436 7
11496 58
11498 1
11526 22
11531 1
11533 1
11540 1
11582 27
11586 3
11623 36
11631 1
11689 55
11699 9
11710 7
11719 5
11737 14
11764 2
11780 8
11812 16
11863 37
11867 3
11884 15
11894 4
11906 4
11911 2
11918 5
11926 7
11932 3
11964 21
11990 8
12015 15
12022 6
12076 11
12090 3
12126 15
12139 10
12144 1
12157 3
12167 1
12200 27
12216 14
12224 1
12229 1
12276 39
12319 34
12324 1
12341 10
12379 37
12388 1
12399 1
12420 15
12423 2
12462 32
12480 17
12483 2
12514 29
12527 3
12531 3
12551 3
12590 34
12598 2
12608 3
12633 20
12642 6
12656 8
12658 1
12660 1
12673 5
12679 2
12693 2
12711 11
12733 21
12773 39
12794 19
12816 3
12828 5
12858 29
12860 1
12915 51
12965 46
12982 14
13019 2
13037 1
13078 40
13084 2
13100 9
13111 10
13179 46
13192 12
13222 22
13237 11
13246 7
13279 19
13301 14
13307 3
13309 1
13317 4
13334 6
13342 7
13357 14
13414 47
13418 1
13438 19
13448 4
13464 7
13491 26
13497 4
13503 2
13510 5
13518 3
13536 1
13564 24
13567 1
13586 10
13593 2
13630 22
13632 1
13687 51
13699 9
13708 6
13740 10
13767 18
13772 1
13775 1
13785 8
13792 4
13826 32
13832 5
13843 9
13850 4
13869 16
13880 9
13959 77
14018 58
14022 2
14034 10
14039 1
14045 3
14081 9
14089 4
14123 32
14129 4
14138 5
14157 1
14171 12
14203 27
14212 1
14220 6
14230 6
14236 2
14241 4
14287 40
14294 4
14299 4
14366 66
14373 2
14395 21
14446 50
14456 9
14458 1
14482 23
14492 1
14496 3
14506 9
14514 2
14576 46
14590 9
14623 29
14634 1
14674 36
14682 1
14694 1
14700 1
14716 14
14720 2
14730 9
14737 1
14751 12
14756 4
14764 4
14786 21
14804 3
14835 27
14881 39
14908 22
14917 7
14988 60
15021 30
15061 8
15071 9
15086 11
15092 1
15102 6
15114 10
15138 17
15154 15
15161 1
15175 13
15185 5
15199 12
15215 8
15232 16
15235 1
15252 14
15271 18
15292 7
15340 42
15349 7
15395 20
15423 27
15449 2
15453 2
15470 5
15502 10
15509 5
15520 8
15548 27
15555 2
15560 1
15569 7
15593 9
15619 25
15642 17
15654 11
15703 42
15706 1
15720 7
15757 36
15769 1
15829 19
15834 2
15848 6
15865 10
15877 4
15890 3
15897 1
15933 29
15942 5
15949 4
15999 30
16027 25
16050 18
16061 4
16087 21
16102 8
16183 70
16199 3
16236 36
16242 5
16254 4
16258 1
16266 7
16290 23
16304 13
16342 37
16359 9
16447 85
16479 21
16493 6
16527 32
16533 1
16575 38
16583 7
16586 1
16597 7
16619 18
16625 3
16659 15
16667 2
16676 8
16696 1
16701 1
16720 18
16741 18
16748 1
16772 18
16803 29
16822 11
16827 1
16860 32
16931 66
16939 6
16953 9
16956 2
16970 8
16993 2
17009 14
17060 48
17082 5
17087 3
17106 11
17141 29
17151 1
17170 18
17202 24
17240 20
17283 37
17314 19
17330 7
17342 11
17348 3
17353 1
17355 1
17386 29
17388 1
17405 10
17423 4
17427 3
17434 5
17454 5
17459 2
17478 9
17497 4
17507 1
17531 2
17538 5
17562 23
17570 6
17582 3
17585 1
17596 4
17641 43
17652 2
17660 4
17672 7
17674 1
17690 7
17702 9
17711 8
17713 1
17723 7
17785 43
17822 17
17828 5
17839 4
17850 10
17875 13
17890 13
17892 1
17924 27
17928 1
17935 6
17946 3
17998 39
18017 16
18027 3
18050 4
18061 5
18072 7
18116 43
18128 6
18146 9
18157 4
18168 2
18173 1
18176 2
18184 4
18191 1
18246 46
18263 16
18284 17
18292 7
18309 8
18316 5
18372 52
18388 1
18390 1
18431 21
18457 15
18477 7
18490 3
18502 6
18505 1
18527 15
18543 9
18550 3
18582 24
18586 1
18591 1
18648 55
18659 2
18666 5
18688 21
18694 5
18702 4
18707 1
18710 1
18755 41
18767 9
18771 1
18776 4
18778 1
18827 48
18834 4
18908 71
18925 2
18944 17
18954 6
18967 1
18977 5
18982 1
18994 2
19013 11
19025 9
19045 14
19047 1
19061 8
19073 10
19077 2
19116 36
19124 6
19157 25
19160 1
19169 6
19179 4
19222 39
19232 8
19246 11
19256 7
19261 4
19284 22
19292 3
19296 1
19334 31
19337 1
19345 1
19347 1
19368 20
19386 12
19408 15
19464 48
19492 26
19496 2
19518 15
19525 1
19545 18
19583 21
19604 18
19621 3
19628 6
19632 1
19636 2
19648 2
19674 24
19693 2
19707 10
19722 12
19750 23
19760 9
19768 7
19808 38
19812 2
19828 1
19831 1
19839 7
19964 119
19972 5
19995 22
20019 21
20042 22
20050 4
20057 1
20065 3
20068 1
20077 8
20097 12
20106 6
20160 42
20235 69
20272 25
20285 6
20311 5
20382 70
20398 11
20432 19
20446 12
20483 27
20492 7
20513 13
20531 16
20551 16
20559 1
20584 18
20646 60
20682 12
20704 13
20711 1
20739 25
20762 16
20796 21
20813 8
20836 17
20844 7
20851 2
20891 37
20897 1
20943 31
20960 3
20975 14
20993 3
21000 5
21011 3
21019 4
21030 8
21044 4
21071 20
21084 2
21094 9
21119 23
21162 36
21173 3
21195 9
21201 5
21208 5
21242 31
21281 27
21283 1
21289 1
21305 15
21318 4
21328 4
21352 4
21423 45
21472 46
21485 5
21509 12
21516 2
21539 19
21571 31
21612 35
21623 6
21654 9
21678 13
21682 1
21692 6
21706 6
21720 9
21738 7
21758 9
21775 12
21785 9
21802 8
21839 32
21894 54
21916 13
21921 3
21930 4
21946 7
21965 17
21967 1
22016 45
22020 2
22027 5
22042 8
22086 16
22097 10
22100 2
22134 31
22139 2
22148 7
22152 2
22170 16
22200 25
22279 77
22282 1
22300 12
22348 43
22377 12
22392 5
22427 10
22462 17
22465 1
22470 1
22504 21
22515 6
22530 13
22543 12
22605 39
22620 5
22624 1
22632 5
22643 10
22648 2
22656 7
22661 1
22682 8
22692 3
22700 4
22712 5
22720 1
22728 2
22744 6
22770 21
22776 2
22794 11
22816 13
22826 9
22832 1
22842 5
22859 7
22868 4
22881 12
22908 25
22924 7
22990 63
22994 2
23009 14
23023 9
23032 8
23036 1
23052 1
23060 3
23095 25
23100 2
23104 2
23112 6
23119 4
23149 2
23155 4
23177 10
23192 12
23223 15
23264 19
23272 7
23281 1
23300 3
23356 41
23364 1
23373 1
23390 4
23410 8
23429 14
23437 7
23447 9
23479 9
23485 4
23515 10
23525 1
23551 14
23554 2
23568 8
23631 60
23638 3
23642 1
23691 44
23708 5
23723 8
23733 1
23757 20
23765 4
23780 14
23799 11
23802 1
23818 8
23841 21
23884 29
23894 5
23899 2
23906 6
23912 1
23938 5
23949 5
23982 26
23995 6
23997 1
24029 13
24056 22
24071 14
24080 5
24083 2
24144 58
24157 6
24174 14
24198 12
24210 11
24228 16
24268 36
24312 41
24315 1
24324 6
24362 35
24368 1
24385 14
24401 10
24440 27
24479 35
24486 1
24490 1
24503 6
24513 8
24533 6
24547 13
24550 2
24600 23
24631 3
24640 4
24648 1
24666 17
24676 6
24681 3
24694 4
24705 5
24723 1
24751 14
24759 6
24766 2
24776 4
24779 1
24789 8
24793 1
24805 9
24809 1
24817 6
24825 6
24838 2
24856 16
24873 14
24889 15
24895 1
24909 13
24936 19
24954 10
24957 1
24964 1
24980 3
24993 2
25003 6
25021 9
25060 32
25063 2
25083 16
25092 6
25105 12
25110 4
25115 3
25130 9
25160 27
25204 38
25249 38
25272 21
25282 9
25306 15
25319 5
25328 1
25334 4
25348 8
25400 43
25418 3
25438 19
25443 1
25494 46
25503 8
25509 4
25544 34
25557 2
25570 7
25575 3
25584 8
25609 23
25634 22
25651 13
25653 1
25663 9
25672 6
25681 4
25707 21
25731 23
25737 2
25765 21
25784 17
25841 56
25904 58
25939 21
25944 4
25958 9
25968 8
25977 7
25985 1
26009 21
26027 15
26075 46
26089 6
26099 1
26110 6
26124 4
26137 7
26172 27
26202 24
26293 69
26306 9
26313 4
26359 41
26453 93
26465 1
26477 5
26524 46
26582 56
26591 5
26605 1
26616 5
26636 13
26642 5
26657 3
26664 3
26689 5
26709 15
26752 40
26758 2
26791 24
26814 19
26819 4
26857 37
26871 5
26873 1
26890 16
26909 17
26922 11
26935 11
26974 38
26994 11
27036 34
27057 1
27064 2
27079 11
27088 6
27097 2
27110 4
27126 10
27139 10
27142 2
27144 1
27160 1
27173 8
27195 21
27198 1
27205 6
27239 29
27269 19
27288 3
27296 7
27304 1
27308 2
27318 5
27335 12
27373 36
27418 41
27470 39
27494 15
27497 1
27530 21
27576 43
27585 4
27646 56
27656 1
27669 6
27682 2
27702 1
27724 17
27730 3
27732 1
27738 3
27788 48
27794 1
27807 8
27817 1
27824 1
27840 15
27855 8
27886 9
27898 1
27912 2
27929 13
27935 5
27956 16
27972 5
27990 13
27999 6
28013 13
28022 3
28026 1
28072 34
28077 3
28104 20
28106 1
28115 8
28125 8
28156 16
28159 1
28183 11
28191 1
28207 12
28215 6
28227 5
28243 15
28251 1
28253 1
28270 14
28279 7
28295 7
28300 1
28307 6
28314 4
28327 6
28373 41
28375 1
28389 13
28405 13
28414 7
28423 1
28430 2
28475 44
28483 7
28489 4
28508 2
28524 1
28570 41
28592 18
28598 3
28642 8
28644 1
28658 2
28668 3
28681 12
28690 8
28693 2
28696 1
28721 13
28752 30
28758 4
28789 23
28792 2
28833 34
28845 4
28856 9
28897 39
28908 10
28947 38
28976 24
29000 13
29024 16
29120 92
29167 44
29189 21
29210 18
29212 1
29253 39
29261 3
29308 37
29315 2
29317 1
29337 18
29352 13
29384 31
29393 8
29428 22
29452 22
29490 37
29506 10
29524 5
29546 19
29551 3
29580 23
29586 1
29596 7
29601 1
29611 4
29619 7
29638 15
29784 125
29786 1
29793 6
29814 18
29828 3
29840 10
29842 1
29849 2
29864 14
29872 3
29877 1
29900 6
29916 9
29966 31
29977 7
29992 9
29994 1
30024 22
30056 28
30077 7
30095 12
30125 13
30136 10
30144 5
30151 2
30157 4
30180 6
30192 2
30210 11
30221 9
30247 23
30259 10
30262 2
30294 30
30299 4
30329 28
30339 2
30358 7
30368 5
30385 13
30393 6
30408 13
30421 7
30440 7
30459 2
30468 1
30479 2
30503 22
30511 4
30522 7
30541 5
30548 4
30572 22
30580 5
30584 1
30618 25
30684 43
30693 6
30696 2
30722 23
30760 31
30764 2
30780 9
30789 8
30832 22
30856 21
30863 2
30865 1
30878 10
30880 1
30908 21
30914 1
30918 1
30935 7
30956 19
31049 89
31052 1
31064 5
31073 3
31104 17
31109 4
31127 13
31142 10
31188 42
31191 1
31253 60
31301 46
31318 10
31338 8
31352 13
31375 20
31405 11
31429 11
31438 2
31471 29
31476 1
31478 1
31506 25
31517 7
31553 31
31565 10
31572 5
31588 15
31612 21
31639 18
31660 20
31663 1
31676 10
31705 17
31738 27
31740 1
31751 5
31770 11
31782 10
31790 1
31811 15
31819 6
31828 8
31846 2
31879 12
31881 1
31885 1
31893 7
31902 1
31949 26
31995 44
32008 6
32028 9
32032 3
32076 42
32117 34
32172 48
32193 5
32205 10
32216 9
32240 20
32253 12
32272 15
32282 9
32300 16
32333 20
32342 7
32349 6
32357 4
32362 1
32431 53
32462 30
32474 10
32493 18
32561 67
32578 5
32593 11
32634 38
32660 24
32682 18
32711 22
32721 1
32727 1
32749 20
32811 34
32846 30
32890 37
32910 19
32918 4
32925 3
32985 53
33038 34
33045 3
33052 3
33069 16
33095 18
33114 14
33138 23
33140 1
33159 1
33173 10
33182 1
33206 18
33211 3
33244 21
33249 4
33296 46
33312 10
33325 10
33339 4
33358 6
33373 12
33377 3
33403 1
33428 2
33443 9
33472 24
33493 12
33514 9
33539 16
33566 5
33578 2
33594 13
33620 17
33649 27
33683 30
33704 14
33712 2
33721 8
33737 4
33749 8
33766 10
33798 17
33824 9
33847 18
33908 42
33921 5
33952 16
33960 7
33980 16
33992 9
33996 2
34004 6
34037 21
34047 2
34057 4
34065 3
34074 6
34138 62
34177 32
34184 6
34215 15
34234 18
34242 6
34254 2
34272 12
34289 14
34297 1
34310 6
34431 118
34440 5
34480 37
34497 7
34510 12
34544 32
34558 12
34588 3
34651 57
34688 33
34706 14
34718 3
34734 13
34744 8
34759 10
34810 35
34820 8
34827 4
34835 1
34843 1
34848 1
34867 15
34875 4
34880 1
34903 6
34913 7
34938 23
34961 13
34966 4
35007 37
35090 70
35129 33
35136 5
35146 7
35176 22
35191 11
35209 14
35243 28
35246 1
35368 114
35373 3
35427 53
35436 2
35449 4
35483 27
35503 4
35507 2
35531 20
35538 1
35555 1
35560 3
35570 1
35574 3
35586 11
35607 6
35627 1
35634 2
35646 11
35671 22
35710 2
35730 5
35739 1
35745 3
35752 1
35777 21
35794 15
35796 1
35852 52
35866 13
35884 3
35905 15
35951 42
35958 1
35982 13
36018 30
36123 89
36127 1
36150 21
36163 7
36179 3
36184 1
36198 3
36203 4
36206 1
36223 2
36257 24
36271 1
36295 18
36304 3
36325 19
36334 7
36345 7
36357 6
36365 4
36398 18
36446 32
36448 1
36463 13
36488 15
36500 5
36576 72
36594 8
36614 15
36618 1
36643 20
36658 10
36669 4
36725 24
36734 1
36740 4
36746 4
36758 2
36780 17
36810 17
36818 6
36824 4
36840 1
36850 7
36868 7
36885 5
36924 37
36981 51
37003 21
37031 14
37036 2
37041 2
37078 31
37082 2
37105 18
37131 25
37165 27
37215 48
37234 17
37245 6
37251 1
37260 8
37266 1
37290 16
37305 12
37312 3
37375 50
37393 6
37411 14
37414 2
37439 15
37445 5
37464 17
37467 1
37488 20
37508 15
37511 1
37572 56
37583 3
37605 12
37616 4
37627 9
37664 33
37682 17
37707 22
37731 17
37735 3
37745 5
37754 5
37788 12
37827 31
37840 9
37863 13
37898 10
37907 8
37935 14
37963 12
37985 10
38000 1
38044 41
38098 53
38109 10
38169 59
38192 15
38209 9
38223 4
38243 14
38275 10
38350 60
38358 2
38364 2
38392 20
38398 1
38424 16
38437 11
38443 5
38457 7
38460 1
38481 14
38491 4
38505 12
38543 31
38548 2
38561 8
38568 1
38577 8
38581 1
38601 13
38606 4
38626 15
38635 4
38637 1
38648 8
38659 10
38691 30
38704 11
38779 72
38830 38
38836 4
38853 5
38859 1
38884 23
38895 3
38902 6
38912 8
38920 7
38954 21
38981 25
38996 14
39007 9
39071 46
39082 2
39112 29
39117 2
39148 24
39197 44
39214 4
39274 57
39283 6
39296 10
39313 13
39316 2
39341 15
39373 9
39394 18
39401 1
39431 29
39440 1
39447 1
39454 6
39477 19
39480 1
39498 13
39502 1
39508 1
39515 1
39534 17
39544 3
39567 15
39578 1
39608 13
39683 70
39700 15
39710 8
39714 1
39799 82
39812 6
39823 10
39827 2
39841 3
39888 46
39893 2
39930 29
39934 1
39948 3
39980 10
39995 8
40014 11
40035 17
40064 27
40070 4
40083 5
40102 11
40141 23
40161 16
40170 2
40182 3
40219 28
40242 22
40269 17
40279 5
40308 27
40314 1
40319 3
40331 8
40336 4
40393 54
40437 38
40531 82
40540 4
40559 12
40568 4
40587 1
40612 16
40632 5
40642 4
40646 2
40657 1
40701 43
40713 9
40728 2
40746 15
40780 26
40797 2
40824 17
40850 18
40859 5
40863 2
40881 15
40932 49
40952 16
40977 3
40982 2
40989 6
41000 10
41010 9
41030 11
41040 3
41046 2
41053 6
41070 15
41076 3
41116 38
41131 1
41144 12
41160 4
41198 24
41222 16
41242 11
41249 6
41268 18
41305 33
41313 4
41332 17
41364 22
41367 1
41385 16
41402 1
41415 8
41428 12
41445 14
41456 7
41541 79
41565 7
41579 9
41583 3
41599 2
41605 3
41612 4
41652 34
41700 38
41718 17
41734 15
41745 10
41760 6
41809 47
41838 23
41855 16
41860 4
41869 5
41876 5
41888 10
41895 6
41914 10
41921 6
41926 2
41965 36
41970 4
42030 52
42047 15
42061 13
42099 36
42112 1
42125 8
42140 8
42175 25
42204 19
42211 5
42222 8
42256 30
42289 30
42292 2
42295 1
42309 1
42372 55
42393 17
42397 1
42424 22
42439 4
42459 17
42473 1
42489 15
42494 2
42511 13
42526 14
42547 20
42588 36
42609 20
42613 3
42628 7
42631 1
42647 5
42661 12
42671 6
42699 3
42709 7
42745 34
42765 1
42801 30
42815 13
42827 3
42852 12
42864 10
42871 6
42898 26
42904 4
42907 2
42910 2
42912 1
42921 5
42941 15
42970 16
42986 14
42995 6
43002 6
43015 1
43031 1
43048 1
43053 4
43069 12
43078 6
43089 5
43103 13
43112 7
43122 9
43131 8
43142 1
43156 11
43163 4
43179 7
43201 19
43209 6
43211 1
43236 22
43245 2
43291 40
43302 6
43331 26
43343 1
43352 6
43358 3
43364 4
43370 1
43391 20
43405 3
43443 27
43452 8
43465 2
43478 11
43517 30
43534 3
43542 7
43568 24
43584 15
43593 8
43607 13
43622 14
43640 7
43653 6
43665 3
43675 8
43688 5
43699 7
43711 10
43797 83
43818 20
43828 5
43862 27
43917 52
43950 29
43959 6
43985 5
43993 6
44072 71
44078 4
44112 33
44169 54
44178 5
44198 18
44245 17
44258 10
44263 4
44265 1
44285 15
44372 70
44376 3
44386 4
44448 54
44464 14
44484 9
44507 11
44512 1
44518 5
44529 5
44540 3
44562 21
44583 18
44602 11
44613 1
44623 9
44627 2
44670 27
44681 9
44701 15
44721 15
44728 2
44731 2
44759 27
44764 2
44769 3
44787 13
44811 21
44829 2
44843 8
44850 4
44857 6
44923 59
44927 3
44930 1
44944 12
44968 18
45003 31
45019 1
45052 28
45061 5
45070 2
45106 24
45136 10
45151 10
45162 4
45240 76
45261 19
45274 10
45284 9
45289 4
45292 1
45301 2
45342 32
45348 1
45354 1
45413 54
45436 18
45445 5
45461 15
45476 9
45482 2
45500 16
45508 4
45520 10
45562 34
45598 26
45623 14
45646 13
45656 6
45661 2
45674 3
45692 8
45697 1
45718 7
45723 3
45732 1
45769 35
45776 5
45779 2
45790 4
45807 15
45828 20
45859 11
45873 7
45879 3
45907 1
45943 34
45978 34
45986 5
46002 9
46032 23
46062 26
46074 10
46079 2
46094 1
46097 1
46127 28
46136 1
46170 17
46190 17
46201 6
46249 42
46260 4
46270 8
46278 7
46288 4
46320 30
46322 1
46326 1
46332 4
46340 3
46356 12
46373 13
46381 6
46419 15
46439 19
46476 22
46498 19
46527 22
46532 2
46552 17
46556 3
46576 4
46594 16
46611 13
46636 18
46649 10
46722 71
46745 22
46755 8
46771 13
46785 10
46800 9
46842 40
46849 3
46860 6
46863 2
46892 21
46921 12
46936 4
46940 3
46948 2
46957 2
46968 7
46986 15
46993 4
47020 14
47026 4
47048 16
47061 11
47069 7
47095 23
47098 1
47120 13
47147 9
47163 6
47185 17
47200 11
47210 3
47219 4
47231 11
47237 4
47267 26
47271 1
47284 11
47305 6
47363 54
47370 5
47381 7
47396 14
47409 12
47417 3
47434 15
47442 5
47464 17
47490 20
47524 28
47552 13
47554 1
47579 24
47585 5
47589 3
47602 12
47609 4
47612 1
47652 24
47676 23
47689 1
47721 23
47726 3
47735 6
47762 20
47784 18
47810 23
47834 22
47838 3
47848 8
47861 12
47868 6
47870 1
47877 1
47887 7
47938 48
47946 3
47953 6
47991 25
48002 6
48014 4
48030 15
48055 23
48081 9
48088 1
48097 7
48112 11
48117 4
48144 14
48150 1
48171 8
48207 18
48250 41
48275 11
48312 25
48322 8
48331 1
48340 3
48377 36
48393 15
48423 10
48427 2
48435 4
48440 1
48463 16
48479 3
48485 4
48496 1
48507 9
48512 4
48517 4
48525 6
48543 17
48553 2
48620 56
48622 1
48634 9
48649 5
48689 39
48763 71
48776 1
48792 14
48818 17
48841 21
48867 23
48875 6
48879 3
48882 2
48901 1
48909 7
48950 29
48968 15
48992 22
49000 5
49022 21
49036 5
49044 7
49047 2
49079 21
49085 2
49108 22
49117 8
49125 7
49136 7
49146 4
49157 4
49164 4
49176 11
49250 44
49276 24
49278 1
49301 17
49317 5
49327 7
49352 23
49421 66
49443 1
49479 32
49503 8
49538 14
49570 27
49613 42
49667 41
49691 11
49712 4
49732 14
49766 31
49786 11
49799 12
49802 2
49825 19
49843 14
49853 1
49855 1
49885 27
49888 1
49927 37
49939 8
49954 7
49980 20
49990 6
50014 17
50041 2
50051 1
50076 24
50085 7
50093 1
50148 45
50170 9
50183 9
50191 1
50212 18
50267 54
50284 12
50340 50
50359 16
50388 18
50424 27
50427 1
50430 2
50438 3
50442 2
50451 1
50455 2
50482 23
50487 3
50543 55
50575 26
50595 6
50648 41
50669 1
50682 4
50709 20
50713 1
50740 26
50758 13
50776 16
50798 17
50843 36
50856 1
50878 17
50899 14
50921 16
50927 1
50929 1
50952 13
50987 34
51003 1
51008 1
51030 18
51048 10
51060 8
51073 6
51083 3
51090 3
51107 11
51113 1
51120 5
51135 9
51154 18
51158 3
51164 4
51198 28
51208 6
51237 9
51243 5
51266 15
51278 10
51291 5
51355 52
51402 38
51407 4
51430 5
51433 1
51445 6
51452 2
51461 8
51481 18
51549 67
51553 2
51588 34
51638 36
51667 11
51676 4
51684 4
51688 2
51695 2
51698 2
51834 132
51868 33
51879 7
51924 28
51959 32
51981 21
52000 4
52014 8
52045 27
52063 6
52074 9
52076 1
52080 2
52165 84
52173 2
52185 7
52203 14
52216 3
52258 20
52283 17
52300 4
52305 2
52317 11
52355 29
52358 2
52420 60
52453 29
52463 1
52465 1
52577 104
52583 3
52627 39
52633 1
52690 54
52711 15
52739 11
52745 1
52762 2
52772 2
52788 1
52797 8
52810 4
52834 14
52843 6
52912 66
52921 7
52949 8
52972 20
53002 27
53018 10
53101 76
53111 5
53182 68
53190 1
53214 22
53240 15
53263 22
53281 6
53316 22
53318 1
53357 35
53378 19
53427 48
53437 9
53478 37
53484 5
53544 54
53570 15
53580 7
53587 6
53599 1
53621 1
53623 1
53630 1
53645 8
53686 38
53692 1
53696 3
53712 15
53724 11
53727 2
53741 13
53749 4
53783 28
53787 3
53815 26
53834 18
53870 22
53890 2
53908 9
53939 29
53950 5
53973 15
53998 10
54003 3
54008 1
54016 3
54146 129
54202 49
54213 3
54234 3
54245 4
54274 19
54276 1
54296 16
54320 12
54347 11
54358 10
54363 4
54371 4
54383 3
54429 36
54498 66
54510 5
54539 22
54550 5
54556 2
54561 2
54578 5
54586 6
54594 7
54603 5
54605 1
54651 31
54661 9
54676 7
54682 2
54690 7
54703 6
54727 21
54752 23
54757 3
54767 2
54782 2
54794 11
54813 16
54825 9
54830 1
54840 9
54869 10
54942 69
54946 3
54957 10
54972 12
54983 3
55007 22
55048 40
55055 1
55075 16
55084 3
55161 62
55194 23
55217 19
55241 20
55285 38
55295 9
55313 6
55338 15
55346 4
55355 3
55374 11
55391 3
55431 34
55442 3
55456 6
55478 15
55515 36
55530 14
55547 13
55589 27
55597 3
55633 31
55657 10
55662 2
55705 40
55720 12
55743 14
55751 1
55757 2
55803 44
55805 1
55811 5
55828 1
55837 7
55849 2
55872 22
55912 38
55999 85
56007 1
56018 6
56026 5
56039 6
56054 2
56062 1
56083 14
56102 12
56105 1
56137 28
56151 3
56169 16
56181 5
56189 7
56212 16
56224 10
56229 1
56237 2
56243 5
56291 43
56310 13
56317 1
56351 29
56354 2
56373 17
56396 14
56403 3
56409 5
56420 6
56478 53
56496 17
56538 40
56554 5
56562 1
56571 1
56582 9
56631 48
56682 47
56713 19
56721 7
56723 1
56746 13
56794 37
56862 67
56869 3
56937 67
56965 16
56994 28
56998 3
57007 8
57010 1
57034 21
57072 31
57088 15
57092 3
57128 34
57141 10
57172 29
57175 2
57198 13
57205 5
57210 1
57243 32
57253 5
57270 6
57275 1
57311 29
57313 1
57354 31
57379 16
57387 7
57403 11
57417 12
57430 10
57434 1
57455 20
57472 14
57481 6
57487 3
57492 4
57513 18
57520 6
57528 6
57557 25
57618 48
57630 2
57683 33
57693 1
57723 1
57754 28
57761 5
57779 10
57789 2
57814 17
57823 3
57845 3
57867 18
57922 24
57944 17
57948 1
57965 14
57981 11
57996 12
58030 17
58077 37
58141 50
58159 17
58171 9
58179 5
58259 75
58271 4
58338 64
58360 18
58380 16
58388 7
58393 3
58410 10
58419 1
58436 7
58442 2
58484 40
58505 17
58567 42
58572 3
58577 1
58592 7
58617 17
58642 24
58650 6
58652 1
58686 20
58709 17
58747 34
58752 4
58785 11
58788 1
58795 4
58807 11
58823 7
58829 4
58843 4
58871 15
58880 1
58902 20
58922 8
58930 2
58973 40
59006 32
59085 63
59091 1
59122 28
59146 23
59156 9
59188 20
59221 22
59236 4
59245 8
59255 7
59293 37
59302 4
59356 51
59383 11
59389 5
59459 69
59481 15
59485 2
59493 7
59510 9
59562 43
59568 2
59634 61
59645 1
59655 6
59664 6
59682 1
59693 1
59697 2
59712 12
59719 5
59727 7
59734 2
59744 8
59773 22
59801 21
59813 1
59841 9
59944 97
59974 28
59992 5
60001 1
60035 31
60048 6
60057 5
60060 1
60118 33
60133 3
60136 1
60140 1
60158 14
60194 27
60200 5
60241 6
60247 1
60276 21
60296 14
60303 6
60387 75
60407 11
60425 13
60448 13
60472 21
60478 3
60492 9
60508 12
60538 21
60618 78
60628 7
60638 7
60647 6
60659 4
60662 1
60690 4
60694 2
60733 37
60759 23
60799 29
60807 2
60816 4
60826 2
60850 23
60876 21
60904 22
60922 14
60926 1
60935 7
60953 16
60965 5
60984 17
61009 24
61029 11
61062 32
61069 6
61073 1
61089 5
61119 24
61169 27
61184 13
61212 12
61257 31
61300 26
61302 1
61312 3
61336 23
61358 15
61382 21
61459 66
61463 3
61480 3
61494 1
61500 1
61502 1
61583 76
61590 5
61621 29
61628 6
61655 25
61677 20
61708 29
61712 1
61773 49
61784 7
61787 1
61795 4
61822 22
61824 1
61829 3
61831 1
61851 19
61859 2
61883 18
61893 2
61904 10
61906 1
61916 9
61930 6
61936 5
61953 11
61999 34
62007 4
62017 1
62063 43
62080 11
62103 13
62106 1
62129 16
62137 2
62139 1
62147 7
62169 20
62185 9
62190 4
62202 11
62211 5
62232 5
62240 7
62263 18
62272 6
62297 21
62311 8
62341 28
62345 3
62361 9
62381 10
62390 6
62402 3
62450 33
62458 2
62461 2
62485 17
62487 1
62514 26
62523 3
62534 10
62539 4
62608 67
62623 6
62633 8
62652 17
62658 1
62681 2
62710 24
62724 9
62732 7
62742 1
62752 7
62764 5
62785 20
62815 16
62825 2
62841 1
62848 4
62854 5
62878 19
62932 45
62959 23
62969 5
62991 20
63035 42
63058 19
63076 14
63113 28
63118 4
63120 1
63160 32
63173 7
63191 11
63204 1
63210 4
63252 40
63256 3
63268 3
63271 2
63287 12
63295 6
63325 29
63370 8
63388 7
63429 21
63470 40
63503 32
63522 17
63529 6
63555 8
63566 7
63575 3
63615 32
63635 17
63665 23
63668 1
63677 7
63681 1
63700 10
63713 8
63751 33
63774 4
63785 8
63814 26
63841 18
63888 26
63922 14
63929 6
63934 3
63952 8
63977 18
63981 2
63984 1
64006 19
64022 12
64042 1
64051 2
64077 8
64099 16
64114 12
64117 2
64124 3
64167 39
64191 22
64199 2
64223 22
64254 25
64267 12
64276 5
64278 1
64296 17
64317 17
64351 24
64362 5
64378 7
64397 14
64425 27
64431 5
64446 13
64469 13
64560 89
64630 62
64647 4
64650 1
64672 13
64683 6
64793 96
64800 5
64806 5
64812 4
64829 15
64841 11
64845 3
64886 35
64919 32
64923 2
64939 15
64947 1
64968 18
64972 1
64994 12
65003 7
65054 45
65125 70
65154 27
65170 14
65178 3
65200 17
65211 2
65219 6
65228 1
65240 7
65322 80
65346 11
65365 16
65428 50
65445 3
65466 12
65475 5
65481 5
65514 22
65519 1
65522 1
65574 38
65586 9
65597 10
65610 8
65621 10
65657 34
65681 21
65697 10
65723 22
65772 45
65785 1
65802 15
65823 1
65833 4
65847 12
65851 1
65877 25
65886 7
65894 3
65899 2
65903 1
65909 1
65916 2
65921 4
65945 15
65949 3
65955 4
65957 1
65989 30
65995 2
66030 33
66038 6
66041 1
66053 7
66090 35
66098 1
66122 20
66129 1
66139 9
66159 1
66203 21
66211 1
66221 9
66253 27
66267 12
66275 7
66293 14
66306 12
66312 1
66318 4
66328 8
66382 52
66403 16
66412 2
66430 15
66447 16
66460 7
66482 21
66531 47
66579 37
66601 21
66604 1
66630 23
66657 26
66671 3
66729 49
66750 18
66774 13
66785 1
66790 4
66797 6
66839 41
66859 15
66874 12
66888 1
66922 22
66934 7
66961 26
66972 10
67016 39
67029 8
67051 20
67067 14
67090 19
67094 2
67153 53
67161 7
67184 21
67217 7
67240 19
67284 37
67291 1
67313 18
67337 18
67341 3
67352 6
67363 8
67369 3
67407 23
67416 7
67429 12
67445 2
67463 1
67466 2
67507 35
67509 1
67515 2
67536 3
67551 1
67564 6
67571 1
67578 5
67600 19
67637 32
67701 48
67726 15
67735 5
67738 1
67773 31
67783 2
67861 76
67882 17
67899 12
67923 11
67957 31
67978 11
67996 14
67998 1
68100 97
68109 5
68136 9
68217 79
68221 3
68237 5
68259 21
68287 1
68315 21
68324 1
68359 32
68382 13
68406 19
68429 8
68438 4
68477 38
68487 7
68499 5
68523 19
68531 7
68544 1
68606 58
68618 11
68637 16
68689 48
68707 12
68724 15
68750 17
68769 10
68800 3
68808 7
68876 59
68879 1
68905 14
68908 2
68910 1
68927 13
68947 19
68981 26
69015 29
69018 1
69058 7
69076 5
69082 1
69108 23
69112 3
69119 1
69140 19
69168 14
69174 5
69246 56
69295 44
69319 5
69328 1
69339 8
69343 3
69367 9
69386 9
69411 21
69445 25
69491 40
69497 1
69503 4
69540 29
69610 37
69618 5
69646 25
69675 23
69684 8
69691 4
69701 4
69717 12
69748 30
69758 7
69773 11
69807 27
69837 21
69843 1
69881 37
69903 4
69924 19
69932 6
69950 4
69966 4
69974 7
69978 3
69982 3
69994 6
69998 2
70004 3
70007 1
70039 28
70066 17
70071 3
70102 30
70126 9
70139 9
70142 1
70145 1
70148 1
70156 7
70169 11
70224 54
70229 4
70236 1
70314 48
70321 5
70328 6
70334 3
70402 45
70405 1
70416 3
70423 1
70429 4
70438 6
70440 1
70461 16
70467 2
70472 3
70532 52
70545 7
70560 11
70571 2
70588 4
70626 37
70629 2
70634 1
70639 1
70681 33
70696 6
70708 2
70710 1
70720 8
70745 24
70795 42
70816 20
70935 109
70947 8
70954 6
70962 7
70989 8
71002 9
71064 54
71090 15
71115 8
71140 8
71146 1
71230 52
71244 7
71258 9
71266 1
71281 3
71285 1
71297 7
71305 4
71380 73
71414 30
71421 2
71431 3
71435 1
71440 1
71447 1
71478 15
71491 7
71504 7
71510 3
71556 43
71587 27
71610 21
71613 1
71636 15
71652 15
71656 1
71680 9
71718 20
71752 26
71761 4
71779 16
71785 1
71788 1
71807 11
71827 6
71845 17
71871 18
71882 1
71903 9
71906 2
71914 7
71933 11
71945 10
71958 6
71966 5
71968 1
71984 15
71991 1
72004 5
72016 2
72021 2
72044 17
72048 3
72062 6
72080 11
72088 2
72091 1
72112 18
72184 69
72192 3
72207 7
72218 8
72241 10
72262 15
72282 11
72296 13
72302 2
72340 37
72351 2
72356 3
72378 19
72394 10
72426 26
72439 5
72458 12
72465 2
72476 5
72486 7
72527 34
72539 6
72555 5
72560 1
72569 8
72581 3
72634 44
72668 7
72670 1
72696 17
72704 2
72718 11
72746 19
72780 33
72786 5
72793 6
72797 1
72827 25
72833 2
72859 1
72866 1
72900 31
72925 24
72970 34
72978 3
72998 18
73003 3
73026 3
73033 2
73067 26
73071 1
73075 1
73077 1
73108 27
73112 1
73122 3
73133 9
73144 8
73169 12
73183 12
73185 1
73190 1
73212 13
73217 1
73235 9
73243 1
73258 1
73280 10
73284 2
73335 50
73341 3
73351 6
73369 15
73373 3
73392 9
73404 11
73432 5
73448 14
73463 2
73468 1
73511 39
73517 1
73521 2
73533 8
73562 22
73566 3
73573 5
73583 9
73596 2
73600 2
73641 33
73672 2
73685 12
73696 7
73714 10
73726 9
73744 4
73760 12
73833 66
73842 1
73858 9
73866 1
73885 18
73889 3
73891 1
73900 8
73922 16
73926 1
73934 2
73989 52
73996 4
74013 1
74019 1
74024 4
74059 24
74061 1
74064 2
74115 42
74126 1
74148 11
74156 1
74162 4
74178 2
74190 5
74202 10
74223 20
74234 9
74240 5
74276 35
74292 1
74304 8
74328 20
74340 6
74344 3
74365 18
74410 39
74420 1
74423 2
74428 1
74432 3
74453 11
74480 25
74486 1
74491 1
74496 4
74519 21
74565 39
74596 26
74618 18
74646 11
74658 10
74682 21
74697 5
74709 10
74720 7
74736 8
74754 2
74763 1
74798 7
74808 1
74824 9
74886 61
74895 1
74942 33
74954 2
74966 10
74974 1
74984 7
75000 8
75047 42
75070 11
75107 20
75135 17
75140 1
75154 13
75173 4
75196 10
75204 2
75209 4
75273 56
75289 10
75368 70
75387 12
75405 16
75438 15
75443 1
75456 9
75459 1
75485 6
75489 3
75515 12
75534 18
75552 12
75565 1
75586 19
75597 1
75612 12
75669 45
75676 4
75683 1
75703 8
75718 12
75749 22
75785 22
75902 107
75951 44
75968 9
75987 14
75991 3
76009 12
76025 5
76039 13
76047 6
76057 9
76066 7
76108 32
76145 36
76177 18
76206 10
76221 2
76244 18
76264 13
76289 9
76312 11
76339 15
76346 1
76367 4
76371 3
76381 9
76398 8
76434 35
76459 24
76468 6
76478 5
76486 6
76489 1
76510 6
76523 5
76527 3
76553 1
76576 18
76588 11
76595 2
76611 9
76632 14
76670 37
76677 1
76712 26
76744 30
76831 85
76866 22
76877 2
76880 2
76901 12
76927 13
76936 3
76962 14
76986 13
77001 1
77039 32
77046 4
77098 51
77116 14
77135 15
77139 1
77158 16
77174 13
77177 1
77197 12
77231 33
77239 5
77243 1
77270 26
77273 1
77296 17
77302 5
77306 2
77328 15
77333 4
77350 3
77377 9
77417 34
77447 11
77478 15
77486 7
77494 4
77517 21
77524 5
77532 7
77557 11
77569 7
77615 35
77652 20
77680 24
77699 14
77701 1
77723 11
77744 13
77785 32
77804 8
77808 2
77833 18
77839 4
77866 21
77887 19
77892 4
77898 5
77914 8
77958 40
77973 13
78036 50
78051 11
78062 9
78064 1
78082 16
78090 7
78097 2
78105 5
78113 2
78119 4
78161 30
78172 9
78196 7
78225 24
78259 25
78290 17
78317 10
78323 5
78357 30
78365 6
78371 5
78374 1
78405 25
78453 46
78468 14
78478 4
78487 5
78531 31
78571 17
78603 24
78626 22
78644 2
78723 71
78728 3
78778 45
78815 32
78856 37
78939 77
78972 29
78993 8
79001 2
79023 14
79067 43
79077 7
79096 10
79123 26
79134 4
79140 5
79225 72
79234 1
79242 4
79253 2
79260 5
79272 9
79294 20
79298 1
79321 13
79334 10
79356 8
79369 6
79403 11
79420 1
79452 26
79481 22
79487 1
79499 11
79562 38
79587 7
79606 2
79634 10
79656 19
79668 8
79672 3
79680 6
79738 50
79760 18
79763 1
79773 9
79804 21
79811 5
79814 1
79820 2
79856 22
79874 5
79887 4
79896 7
79903 1
79911 5
79921 3
79925 1
79936 10
79943 2
79950 4
79967 13
79975 5
79984 1
79996 8
79999 2
80018 8
80029 6
80049 4
80055 5
80132 71
80141 7
80148 1
80155 2
80199 40
80208 4
80216 6
80255 38
80261 3
80289 12
80333 42
80348 14
80381 23
80383 1
80390 2
80398 4
80408 9
80423 11
80458 31
80485 18
80508 22
80513 4
80569 47
80587 13
80605 17
80631 20
80637 5
80651 4
80696 36
80710 11
80719 1
80722 2
80735 11
80765 20
80803 37
80816 7
80837 18
80847 9
80855 4
80870 13
80893 10
80905 2
80949 35
80959 4
80966 6
81010 14
81020 9
81028 3
81035 2
81061 19
81160 98
81170 1
81181 10
81195 13
81207 11
81218 6
81255 25
81323 55
81338 13
81346 6
81357 9
81380 18
81389 6
81393 1
81395 1
81415 14
81420 3
81460 32
81470 1
81495 22
81498 2
81506 4
81530 21
81541 6
81548 3
81562 7
81610 42
81620 4
81632 11
81644 7
81679 18
81770 89
81795 23
81800 1
81812 6
81841 14
81859 8
81877 11
81881 1
81899 15
81907 2
81912 1
81919 3
81976 48
81990 13
82049 10
82054 2
82066 8
82082 14
82130 47
82133 2
82138 1
82169 6
82207 35
82215 6
82226 10
82265 37
82278 4
82284 4
82296 9
82312 12
82328 13
82339 9
82342 1
82352 1
82356 3
82360 3
82370 2
82392 19
82400 7
82419 11
82460 37
82469 5
82489 3
82520 29
82543 12
82596 52
82615 14
82627 10
82660 16
82666 3
82706 34
82713 5
82742 23
82777 22
82795 7
82818 16
82839 3
82852 10
82876 23
82885 8
82898 7
82915 13
82918 1
82969 40
82996 20
83013 5
83020 2
83036 2
83039 1
83053 11
83074 3
83082 5
83097 10
83106 8
83117 8
83121 3
83131 7
83149 17
83178 13
83183 2
83221 37
83234 5
83241 4
83264 10
83268 1
83282 7
83293 9
83301 2
83325 17
83353 24
83355 1
83357 1
83413 32
83416 1
83423 4
83437 3
83443 2
83458 10
83462 2
83470 3
83484 3
83500 3
83506 3
83515 3
83552 29
83573 19
83645 67
83650 4
83653 1
83673 3
83685 5
83690 1
83695 1
83806 94
83847 31
83908 41
83921 12
83927 5
83951 11
83983 31
83987 3
84018 24
84037 13
84068 13
84090 6
84106 7
84117 3
84129 10
84145 1
84167 20
84182 11
84193 7
84212 13
84227 13
84233 2
84244 8
84251 3
84265 5
84281 6
84334 49
84352 12
84360 5
84381 15
84389 2
84404 13
84415 6
84429 5
84470 26
84490 14
84499 5
84547 45
84557 6
84581 21
84644 51
84675 25
84678 1
84686 6
84693 2
84703 9
84706 2
84716 7
84755 37
84794 35
84808 12
84840 25
84844 1
84849 1
84864 13
84872 1
84882 1
84892 6
84901 7
84916 9
84930 10
84939 1
84980 34
84988 6
85017 26
85026 5
85035 1
85052 16
85058 5
85080 15
85134 40
85167 32
85172 2
85202 17
85206 2
85211 2
85221 4
85236 14
85238 1
85245 5
85253 3
85295 37
85298 1
85306 5
85329 4
85345 8
85356 1
85373 15
85446 69
85449 1
85453 2
85457 2
85464 3
85467 1
85479 4
85501 6
85534 32
85565 23
85573 6
85582 7
85635 48
85645 7
85654 1
85656 1
85666 4
85678 10
85688 4
85696 5
85703 1
85724 16
85733 3
85740 4
85797 50
85815 9
85839 23
85844 1
85887 42
85915 8
85922 6
85931 8
85934 1
85962 21
86019 56
86036 4
86047 3
86058 6
86116 51
86125 4
86133 6
86144 10
86181 19
86200 9
86222 19
86267 27
86284 13
86300 2
86323 6
86345 2
86375 4
86390 14
86405 4
86429 20
86436 6
86443 5
86450 1
86501 50
86505 2
86527 11
86531 1
86537 3
86545 5
86586 31
86591 1
86613 16
86624 10
86738 113
86757 12
86791 33
86833 40
86861 23
86894 31
86921 5
86946 16
86957 6
86966 8
87133 166
87178 44
87191 9
87205 4
87240 34
87265 20
87298 32
87305 4
87349 42
87357 4
87397 36
87466 50
87477 1
87514 30
87529 7
87564 34
87567 1
87605 37
87628 18
87632 3
87643 10
87666 16
87696 29
87722 21
87738 12
87764 20
87781 14
87877 93
87902 21
87948 37
87960 10
87963 1
87977 13
87980 2
88006 18
88019 7
88071 51
88096 19
88102 5
88109 5
88114 2
88125 2
88149 20
88151 1
88232 73
88238 3
88257 5
88301 33
88306 1
88312 2
88360 46
88412 39
88454 39
88520 61
88565 38
88588 12
88596 1
88604 7
88615 9
88618 1
88624 4
88638 4
88648 7
88666 17
88692 25
88704 3
88722 16
88736 1
88739 2
88761 21
88783 1
88804 20
88824 15
88848 23
88918 67
88939 2
88951 9
88966 13
88980 6
88988 5
88996 3
89054 38
89060 5
89081 4
89096 1
89101 3
89123 4
89171 37
89187 4
89207 14
89224 8
89237 3
89250 11
89263 11
89273 5
89299 21
89303 1
89314 1
89317 1
89344 21
89356 4
89376 15
89386 4
89396 6
89404 1
89409 2
89427 15
89460 27
89465 1
89481 4
89498 9
89501 1
89521 10
89527 4
89549 17
89555 3
89564 7
89569 1
89597 27
89621 19
89629 2
89641 2
89665 22
89704 32
89729 20
89751 19
89756 2
89768 6
89790 1
89799 7
89807 5
89809 1
89890 78
89917 19
89925 3
89936 4
89992 46
90002 7
90037 32
90048 9
90051 2
90057 4
90074 7
90093 4
90112 14
90128 14
90133 3
90136 2
90160 18
90176 4
90191 6
90207 15
90287 75
90295 6
90308 5
90310 1
90322 1
90328 4
90335 6
90337 1
90348 5
90373 16
90395 11
90401 1
90429 23
90443 10
90448 1
90491 41
90515 7
90526 7
90553 23
90572 17
90585 11
90591 5
90608 10
90628 14
90646 15
90671 10
90684 11
90705 11
90713 3
90750 30
90792 40
90805 10
90849 39
90870 16
90884 8
90905 12
90920 2
90928 1
90943 11
90949 1
90959 9
90985 16
90990 3
91001 9
91007 2
91050 34
91065 9
91106 38
91108 1
91121 1
91127 4
91175 46
91187 4
91189 1
91221 29
91240 10
91251 8
91300 46
91311 8
91323 2
91328 4
91342 13
91344 1
91355 3
91357 1
91363 4
91426 62
91470 43
91481 3
91508 21
91533 23
91548 13
91553 4
91582 19
91585 2
91608 16
91615 5
91622 5
91663 38
91670 3
91703 26
91744 34
91751 4
91759 1
91778 17
91792 10
91847 44
91854 3
91879 17
91902 4
91913 6
91923 3
91958 7
92018 59
92044 11
92054 6
92077 17
92120 34
92138 4
92159 19
92161 1
92175 10
92188 8
92190 1
92201 8
92210 4
92225 10
92234 7
92264 24
92273 8
92281 3
92285 3
92292 4
92296 1
92348 50
92388 35
92423 22
92431 3
92443 4
92455 1
92502 39
92504 1
92550 22
92572 19
92578 5
92592 1
92619 25
92641 18
92646 1
92678 27
92688 1
92717 28
92724 2
92738 13
92767 25
92771 3
92793 7
92800 5
92831 30
92849 10
92875 12
92935 47
92938 1
92946 7
93010 63
93044 25
93060 14
93070 7
93093 22
93108 6
93175 65
93201 20
93234 15
93257 9
93268 10
93310 24
93312 1
93328 7
93367 24
93383 12
93397 12
93403 4
93426 22
93440 12
93461 19
93464 1
93520 48
93535 1
93539 1
93552 3
93556 3
93583 18
93590 3
93630 37
93674 32
93685 1
93714 28
93717 2
93745 26
93766 18
93771 1
93777 2
93792 4
93794 1
93827 24
93836 4
93840 2
93856 1
93906 45
93929 15
93952 22
93984 3
94058 59
94068 4
94076 5
94090 9
94155 62
94174 18
94177 2
94204 7
94215 5
94250 26
94255 4
94270 1
94295 18
94307 6
94327 19
94344 7
94349 1
94354 1
94375 16
94386 4
94394 5
94427 30
94440 4
94451 4
94460 1
94467 4
94472 3
94490 16
94522 31
94536 11
94544 4
94551 6
94588 32
94599 7
94618 2
94629 10
94648 16
94662 10
94681 8
94690 7
94777 74
94821 37
94838 9
94851 1
94887 33
94904 12
94938 30
94990 50
95008 9
95018 6
95028 5
95042 2
95064 18
95081 1
95110 27
95118 6
95145 3
95151 5
95155 2
95182 11
95185 1
95225 34
95239 11
95260 17
95287 26
95289 1
95311 14
95318 6
95330 4
95339 8
95344 1
95349 1
95358 4
95387 12
95407 12
95413 4
95461 43
95468 1
95472 1
95537 63
95586 27
95600 13
95607 5
95621 10
95642 11
95678 20
95713 20
95725 7
95729 2
95748 11
95757 5
95774 13
95786 11
95798 8
95802 3
95812 6
95816 1
95834 17
95863 24
95883 12
95914 30
95926 7
95931 4
95935 1
95957 15
95972 8
95986 12
96021 19
96037 3
96054 15
96080 25
96100 19
96123 21
96133 1
96152 16
96156 1
96167 5
96171 1
96173 1
96207 30
96251 41
96270 18
96310 1
96321 1
96330 7
96367 26
96437 66
96442 4
96449 4
96457 5
96470 6
96479 3
96538 57
96593 51
96598 3
96604 3
96618 1
96626 5
96634 4
96637 2
96668 29
96682 5
96704 21
96714 6
96721 1
96755 27
96773 6
96815 36
96823 6
96838 9
96857 8
96862 3
96894 30
96904 8
96938 24
96946 6
96956 1
96975 16
96981 3
97038 40
97054 3
97077 22
97086 6
97107 17
97129 20
97158 21
97167 2
97173 3
97208 31
97225 16
97249 19
97262 2
97391 128
97404 8
97465 52
97495 14
97523 21
97554 11
97560 1
97570 3
97576 2
97672 90
97705 28
97718 10
97738 18
97743 3
97764 15
97853 87
97863 8
97872 4
97896 19
97928 26
97939 10
97975 29
97994 12
98007 9
98009 1
98021 8
98039 15
98097 56
98104 2
98134 21
98166 11
98176 8
98194 11
98197 1
98205 1
98216 7
98246 16
98273 26
98286 1
98307 19
98311 3
98338 21
98353 10
98392 32
98403 6
98414 2
98420 5
98438 14
98443 1
98453 9
98462 6
98468 3
98478 6
98500 20
98504 1
98518 2
98573 13
98595 15
98599 1
98629 29
98652 19
98657 1
98659 1
98689 26
98693 1
98718 8
98731 12
98736 1
98745 6
98770 8
98786 1
98791 1
98810 15
98840 17
98852 7
98862 9
98891 27
98899 6
98909 4
98923 6
98927 1
98940 3
99058 112
99063 2
99069 1
99073 1
99107 29
99128 11
99137 7
99149 1
99161 7
99164 1
99190 4
99195 2
99219 22
99238 16
99240 1
99244 1
99318 73
99333 8
99370 10
99415 41
99443 22
99485 30
99496 7
99514 17
99522 2
99526 3
99538 4
99550 1
99570 16
99576 5
99586 3
99596 5
99627 23
99640 6
99647 6
99653 4
99681 20
99690 2
99712 8
99740 19
99753 12
99774 16
99839 59
99854 9
99857 1
99860 1
99871 5
99876 1
99890 9
99928 27
99941 7
99954 9
99989 28
