0 0
1 746
2 362
3 317
4 318
5 266
6 246
7 229
8 164
9 180
10 157
11 138
12 125
13 115
14 106
15 121
16 91
17 97
18 87
19 73
20 67
21 88
22 70
23 57
24 50
25 37
26 43
27 51
28 24
29 38
30 34
31 38
32 39
33 22
34 36
35 23
36 22
37 38
38 25
39 23
40 24
41 17
42 20
43 16
44 13
45 11
46 18
47 7
48 17
49 6
50 13
51 10
52 11
53 7
54 13
55 6
56 9
57 3
58 7
59 7
60 6
61 3
62 7
63 5
64 2
65 1
66 9
67 7
68 1
69 9
70 7
71 7
72 3
73 3
74 1
75 4
76 4
77 3
78 2
79 2
80 1
81 0
82 2
83 1
84 1
85 3
86 0
87 1
88 1
89 4
90 1
91 1
92 1
93 3
94 1
95 0
96 1
97 2
98 1
99 0
100 0
101 0
102 0
103 0
104 1
105 0
106 0
107 1
108 0
109 1
110 0
111 0
112 1
113 1
114 1
115 0
116 0
117 0
118 1
119 1
120 0
121 1
122 0
123 0
124 0
125 1
126 0
127 0
128 1
129 1
130 0
131 0
132 1
133 0
134 0
135 0
136 0
137 0
138 0
139 0
140 0
141 0
142 0
143 0
144 0
145 0
146 0
147 0
148 0
149 0
150 0
151 0
152 0
153 0
154 0
155 0
156 0
157 0
158 0
159 0
160 0
161 0
162 0
163 0
164 0
165 0
166 1
