0 0.0
1 0.145617802069
2 0.0706617216475
3 0.0618778059731
4 0.0620730040992
5 0.0519227015421
6 0.0480187390201
7 0.0447003708764
8 0.0320124926801
9 0.0351356626976
10 0.0306461057974
11 0.0269373414015
12 0.0243997657622
13 0.0224477845013
14 0.0206910013664
15 0.0236189732579
16 0.0177630294749
17 0.0189342182315
18 0.0169822369705
19 0.0142494632052
20 0.0130782744486
21 0.0171774350966
22 0.0136638688269
23 0.0111262931876
24 0.0097599063049
25 0.00722233066563
26 0.00839351942221
27 0.009955104431
28 0.00468475502635
29 0.00741752879172
30 0.00663673628733
31 0.00741752879172
32 0.00761272691782
33 0.00429435877416
34 0.00702713253953
35 0.00448955690025
36 0.00429435877416
37 0.00741752879172
38 0.00487995315245
39 0.00448955690025
40 0.00468475502635
41 0.00331836814367
42 0.00390396252196
43 0.00312317001757
44 0.00253757563927
45 0.00214717938708
46 0.00351356626976
47 0.00136638688269
48 0.00331836814367
49 0.00117118875659
50 0.00253757563927
51 0.00195198126098
52 0.00214717938708
53 0.00136638688269
54 0.00253757563927
55 0.00117118875659
56 0.00175678313488
57 0.000585594378294
58 0.00136638688269
59 0.00136638688269
60 0.00117118875659
61 0.000585594378294
62 0.00136638688269
63 0.00097599063049
64 0.000390396252196
65 0.000195198126098
66 0.00175678313488
67 0.00136638688269
68 0.000195198126098
69 0.00175678313488
70 0.00136638688269
71 0.00136638688269
72 0.000585594378294
73 0.000585594378294
74 0.000195198126098
75 0.000780792504392
76 0.000780792504392
77 0.000585594378294
78 0.000390396252196
79 0.000390396252196
80 0.000195198126098
81 0.0
82 0.000390396252196
83 0.000195198126098
84 0.000195198126098
85 0.000585594378294
86 0.0
87 0.000195198126098
88 0.000195198126098
89 0.000780792504392
90 0.000195198126098
91 0.000195198126098
92 0.000195198126098
93 0.000585594378294
94 0.000195198126098
95 0.0
96 0.000195198126098
97 0.000390396252196
98 0.000195198126098
99 0.0
100 0.0
101 0.0
102 0.0
103 0.0
104 0.000195198126098
105 0.0
106 0.0
107 0.000195198126098
108 0.0
109 0.000195198126098
110 0.0
111 0.0
112 0.000195198126098
113 0.000195198126098
114 0.000195198126098
115 0.0
116 0.0
117 0.0
118 0.000195198126098
119 0.000195198126098
120 0.0
121 0.000195198126098
122 0.0
123 0.0
124 0.0
125 0.000195198126098
126 0.0
127 0.0
128 0.000195198126098
129 0.000195198126098
130 0.0
131 0.0
132 0.000195198126098
133 0.0
134 0.0
135 0.0
136 0.0
137 0.0
138 0.0
139 0.0
140 0.0
141 0.0
142 0.0
143 0.0
144 0.0
145 0.0
146 0.0
147 0.0
148 0.0
149 0.0
150 0.0
151 0.0
152 0.0
153 0.0
154 0.0
155 0.0
156 0.0
157 0.0
158 0.0
159 0.0
160 0.0
161 0.0
162 0.0
163 0.0
164 0.0
165 0.0
166 0.000195198126098
