0 0
1 359
2 161
3 124
4 112
5 94
6 84
7 91
8 77
9 70
10 46
11 58
12 55
13 48
14 46
15 37
16 39
17 36
18 31
19 34
20 31
21 30
22 25
23 21
24 32
25 29
26 21
27 29
28 26
29 17
30 24
31 26
32 20
33 19
34 18
35 25
36 23
37 17
38 26
39 20
40 20
41 21
42 21
43 13
44 10
45 10
46 16
47 13
48 20
49 17
50 16
51 12
52 6
53 15
54 13
55 7
56 12
57 12
58 6
59 7
60 10
61 7
62 13
63 5
64 3
65 13
66 8
67 5
68 6
69 10
70 10
71 8
72 7
73 10
74 8
75 5
76 6
77 8
78 6
79 3
80 6
81 6
82 2
83 6
84 6
85 5
86 4
87 5
88 5
89 6
90 3
91 5
92 2
93 5
94 5
95 4
96 6
97 8
98 3
99 4
100 4
101 6
102 7
103 4
104 3
105 3
106 6
107 3
108 2
109 3
110 3
111 8
112 1
113 5
114 1
115 2
116 1
117 3
118 2
119 3
120 3
121 4
122 1
123 2
124 3
125 0
126 2
127 3
128 0
129 4
130 3
131 2
132 3
133 2
134 0
135 3
136 2
137 2
138 2
139 2
140 3
141 4
142 3
143 3
144 2
145 1
146 2
147 0
148 1
149 3
150 0
151 0
152 2
153 1
154 1
155 1
156 1
157 0
158 3
159 0
160 1
161 1
162 0
163 2
164 1
165 0
166 1
167 0
168 1
169 3
170 1
171 0
172 1
173 0
174 0
175 3
176 0
177 1
178 1
179 0
180 0
181 0
182 1
183 0
184 0
185 1
186 0
187 0
188 0
189 1
190 0
191 0
192 0
193 1
194 2
195 2
196 0
197 0
198 0
199 0
200 2
201 1
202 0
203 0
204 0
205 0
206 0
207 1
208 1
209 0
210 1
211 2
212 0
213 1
214 0
215 0
216 0
217 0
218 0
219 0
220 0
221 0
222 1
223 0
224 0
225 1
226 0
227 1
228 0
229 1
230 0
231 0
232 0
233 1
234 0
235 0
236 0
237 0
238 0
239 1
240 0
241 0
242 0
243 0
244 1
245 1
246 0
247 0
248 0
249 1
250 0
251 0
252 0
253 0
254 1
255 0
256 0
257 0
258 1
259 1
260 0
261 0
262 0
263 0
264 0
265 0
266 0
267 0
268 0
269 0
270 0
271 0
272 0
273 0
274 0
275 0
276 0
277 0
278 0
279 1
280 0
281 0
282 0
283 0
284 0
285 0
286 0
287 0
288 0
289 0
290 1
291 0
292 0
293 0
294 1
295 0
296 0
297 0
298 0
299 0
300 0
301 0
302 0
303 0
304 0
305 0
306 0
307 0
308 0
309 0
310 0
311 0
312 0
313 0
314 0
315 0
316 0
317 0
318 0
319 0
320 0
321 0
322 0
323 0
324 0
325 0
326 0
327 1
328 1
329 1
