0 0.0
1 0.128627731996
2 0.0576854174131
3 0.0444285202436
4 0.0401289860265
5 0.0336796847008
6 0.0300967395199
7 0.0326048011465
8 0.0275886778932
9 0.0250806162666
10 0.0164815478323
11 0.0207810820494
12 0.0197061984952
13 0.0171981368685
14 0.0164815478323
15 0.0132568971695
16 0.0139734862057
17 0.0128986026514
18 0.0111071300609
19 0.0121820136152
20 0.0111071300609
21 0.0107488355428
22 0.00895736295235
23 0.00752418487997
24 0.011465424579
25 0.0103905410247
26 0.00752418487997
27 0.0103905410247
28 0.00931565747044
29 0.0060910068076
30 0.00859906843425
31 0.00931565747044
32 0.00716589036188
33 0.00680759584378
34 0.00644930132569
35 0.00895736295235
36 0.00824077391616
37 0.0060910068076
38 0.00931565747044
39 0.00716589036188
40 0.00716589036188
41 0.00752418487997
42 0.00752418487997
43 0.00465782873522
44 0.00358294518094
45 0.00358294518094
46 0.0057327122895
47 0.00465782873522
48 0.00716589036188
49 0.0060910068076
50 0.0057327122895
51 0.00429953421713
52 0.00214976710856
53 0.00537441777141
54 0.00465782873522
55 0.00250806162666
56 0.00429953421713
57 0.00429953421713
58 0.00214976710856
59 0.00250806162666
60 0.00358294518094
61 0.00250806162666
62 0.00465782873522
63 0.00179147259047
64 0.00107488355428
65 0.00465782873522
66 0.00286635614475
67 0.00179147259047
68 0.00214976710856
69 0.00358294518094
70 0.00358294518094
71 0.00286635614475
72 0.00250806162666
73 0.00358294518094
74 0.00286635614475
75 0.00179147259047
76 0.00214976710856
77 0.00286635614475
78 0.00214976710856
79 0.00107488355428
80 0.00214976710856
81 0.00214976710856
82 0.000716589036188
83 0.00214976710856
84 0.00214976710856
85 0.00179147259047
86 0.00143317807238
87 0.00179147259047
88 0.00179147259047
89 0.00214976710856
90 0.00107488355428
91 0.00179147259047
92 0.000716589036188
93 0.00179147259047
94 0.00179147259047
95 0.00143317807238
96 0.00214976710856
97 0.00286635614475
98 0.00107488355428
99 0.00143317807238
100 0.00143317807238
101 0.00214976710856
102 0.00250806162666
103 0.00143317807238
104 0.00107488355428
105 0.00107488355428
106 0.00214976710856
107 0.00107488355428
108 0.000716589036188
109 0.00107488355428
110 0.00107488355428
111 0.00286635614475
112 0.000358294518094
113 0.00179147259047
114 0.000358294518094
115 0.000716589036188
116 0.000358294518094
117 0.00107488355428
118 0.000716589036188
119 0.00107488355428
120 0.00107488355428
121 0.00143317807238
122 0.000358294518094
123 0.000716589036188
124 0.00107488355428
125 0.0
126 0.000716589036188
127 0.00107488355428
128 0.0
129 0.00143317807238
130 0.00107488355428
131 0.000716589036188
132 0.00107488355428
133 0.000716589036188
134 0.0
135 0.00107488355428
136 0.000716589036188
137 0.000716589036188
138 0.000716589036188
139 0.000716589036188
140 0.00107488355428
141 0.00143317807238
142 0.00107488355428
143 0.00107488355428
144 0.000716589036188
145 0.000358294518094
146 0.000716589036188
147 0.0
148 0.000358294518094
149 0.00107488355428
150 0.0
151 0.0
152 0.000716589036188
153 0.000358294518094
154 0.000358294518094
155 0.000358294518094
156 0.000358294518094
157 0.0
158 0.00107488355428
159 0.0
160 0.000358294518094
161 0.000358294518094
162 0.0
163 0.000716589036188
164 0.000358294518094
165 0.0
166 0.000358294518094
167 0.0
168 0.000358294518094
169 0.00107488355428
170 0.000358294518094
171 0.0
172 0.000358294518094
173 0.0
174 0.0
175 0.00107488355428
176 0.0
177 0.000358294518094
178 0.000358294518094
179 0.0
180 0.0
181 0.0
182 0.000358294518094
183 0.0
184 0.0
185 0.000358294518094
186 0.0
187 0.0
188 0.0
189 0.000358294518094
190 0.0
191 0.0
192 0.0
193 0.000358294518094
194 0.000716589036188
195 0.000716589036188
196 0.0
197 0.0
198 0.0
199 0.0
200 0.000716589036188
201 0.000358294518094
202 0.0
203 0.0
204 0.0
205 0.0
206 0.0
207 0.000358294518094
208 0.000358294518094
209 0.0
210 0.000358294518094
211 0.000716589036188
212 0.0
213 0.000358294518094
214 0.0
215 0.0
216 0.0
217 0.0
218 0.0
219 0.0
220 0.0
221 0.0
222 0.000358294518094
223 0.0
224 0.0
225 0.000358294518094
226 0.0
227 0.000358294518094
228 0.0
229 0.000358294518094
230 0.0
231 0.0
232 0.0
233 0.000358294518094
234 0.0
235 0.0
236 0.0
237 0.0
238 0.0
239 0.000358294518094
240 0.0
241 0.0
242 0.0
243 0.0
244 0.000358294518094
245 0.000358294518094
246 0.0
247 0.0
248 0.0
249 0.000358294518094
250 0.0
251 0.0
252 0.0
253 0.0
254 0.000358294518094
255 0.0
256 0.0
257 0.0
258 0.000358294518094
259 0.000358294518094
260 0.0
261 0.0
262 0.0
263 0.0
264 0.0
265 0.0
266 0.0
267 0.0
268 0.0
269 0.0
270 0.0
271 0.0
272 0.0
273 0.0
274 0.0
275 0.0
276 0.0
277 0.0
278 0.0
279 0.000358294518094
280 0.0
281 0.0
282 0.0
283 0.0
284 0.0
285 0.0
286 0.0
287 0.0
288 0.0
289 0.0
290 0.000358294518094
291 0.0
292 0.0
293 0.0
294 0.000358294518094
295 0.0
296 0.0
297 0.0
298 0.0
299 0.0
300 0.0
301 0.0
302 0.0
303 0.0
304 0.0
305 0.0
306 0.0
307 0.0
308 0.0
309 0.0
310 0.0
311 0.0
312 0.0
313 0.0
314 0.0
315 0.0
316 0.0
317 0.0
318 0.0
319 0.0
320 0.0
321 0.0
322 0.0
323 0.0
324 0.0
325 0.0
326 0.0
327 0.000358294518094
328 0.000358294518094
329 0.000358294518094
