121 1
158 1
180 2
231 1
237 2
344 54
390 30
419 28
422 2
442 16
467 2
495 26
503 5
515 1
526 5
536 6
553 5
583 29
593 4
627 32
683 48
691 2
704 1
719 14
774 46
806 30
816 8
819 2
888 66
908 16
916 3
949 27
981 28
1016 1
1039 18
1051 10
1058 1
1106 46
1178 68
1194 13
1197 1
1240 42
1252 9
1267 13
1286 4
1362 70
1365 2
1444 77
1508 62
1521 9
1531 9
1547 8
1625 74
1631 4
1652 1
1691 38
1837 145
1847 1
1875 4
1901 19
1926 14
2129 201
2134 3
2316 178
2335 5
2364 25
2382 1
2514 127
2526 1
2534 7
2541 2
2584 38
2588 2
2637 48
2649 7
2681 30
2686 2
2712 19
2736 20
2780 34
2845 57
2848 2
2863 9
2874 7
2902 25
2912 2
2970 36
3057 83
3077 5
3079 1
3183 103
3192 5
3200 2
3211 10
3238 26
3302 56
3307 3
3402 79
3449 42
3469 5
3481 8
3581 99
3596 14
3644 42
3679 31
3681 1
3701 15
3759 56
3783 16
3849 65
3916 57
3933 9
3955 11
3978 16
4033 50
4047 13
4087 37
4127 27
4148 20
4165 12
4235 60
4250 10
4259 7
4271 8
4286 14
4294 7
4491 195
4525 32
4534 8
4545 10
4551 1
4563 5
4576 3
4640 56
4656 7
4692 34
4703 7
4728 24
4849 120
4882 29
4924 38
4930 4
5046 109
5055 6
5134 76
5180 34
5198 11
5210 8
5246 28
5255 3
5378 119
5391 3
5400 8
5448 42
5504 49
5514 1
5522 7
5533 7
5574 30
5578 2
5580 1
5625 33
5638 2
5660 18
5673 10
5679 4
5687 1
5695 5
5701 5
5708 2
5741 31
5858 102
5885 21
5953 56
5959 1
5993 31
6020 13
6034 3
6053 15
6063 9
6069 1
6077 4
6210 131
6412 200
6440 24
6469 27
6514 37
6525 5
6541 9
6605 62
6663 55
6672 8
6706 22
6719 12
6722 1
6728 4
6742 13
6749 1
6762 4
6908 140
6988 78
6993 2
7028 26
7047 18
7082 21
7206 121
7248 40
7312 53
7336 23
7394 57
7546 149
7638 85
7641 2
7687 45
7883 194
7885 1
7963 66
7974 3
7979 1
7987 3
7998 1
8040 41
8165 119
8172 4
8185 10
8210 22
8229 13
8235 2
8244 5
8255 7
8268 5
8328 55
8345 7
8519 172
8579 55
8615 30
8699 72
8788 87
8810 1
8815 2
8835 17
8867 29
8873 1
8900 20
8932 18
8952 6
9000 45
9015 9
9041 25
9061 15
9080 7
9122 30
9130 6
9133 1
9344 210
9360 2
9365 1
9373 5
9413 38
9424 10
9429 3
9447 15
9464 13
9485 20
9509 20
9575 55
9628 46
9641 10
9671 17
9699 15
9744 42
9751 3
9761 7
9766 3
9824 57
9885 60
9902 9
9947 39
9949 1
9968 14
10007 37
10012 4
10026 12
10030 3
10052 20
10065 2
10161 87
10171 6
10223 50
10276 49
10320 38
10324 2
10366 36
10425 58
10435 1
10441 4
10471 3
10766 294
10847 72
10962 113
10969 3
11009 33
11068 57
11103 22
11150 44
11157 2
11299 140
11319 14
11341 21
11345 1
11371 25
11394 14
11549 143
11630 71
11642 7
11645 2
11665 10
11679 2
11730 48
11820 87
11824 3
11853 27
11864 1
11902 34
11914 3
11985 59
12078 80
12122 38
12146 15
12165 12
12192 7
12196 1
12257 56
12271 9
12338 48
12360 6
12368 1
12420 51
12463 38
12519 54
12533 13
12543 6
12561 11
12576 2
12582 3
12629 39
12646 1
12655 1
12686 27
12721 33
12753 29
12806 48
12922 110
12953 24
12976 15
13056 78
13072 12
13083 8
13097 11
13115 8
13150 31
13278 121
13338 48
13465 112
13468 2
13513 43
13521 3
13544 19
13586 24
13588 1
13726 130
13740 13
13758 14
13778 19
13806 27
13895 70
13914 9
13961 42
13969 1
14010 37
14015 2
14295 279
14359 59
14431 50
14453 13
14466 4
14482 3
14493 7
14534 28
14540 2
14581 30
14630 48
14728 96
14743 1
14758 12
14760 1
14805 34
14819 7
14834 10
14980 141
15006 11
15041 33
15050 4
15070 13
15086 5
15091 4
15095 1
15097 1
15109 5
15200 90
15207 3
15225 16
15246 20
15254 3
15339 82
15349 8
15358 2
15368 5
15377 1
15398 16
15408 7
15416 2
15464 42
15558 89
15566 5
15608 34
15671 59
15680 6
15690 4
15702 8
15704 1
15726 18
15728 1
15793 63
15818 16
15873 51
15884 10
15895 4
15942 35
15978 33
16024 41
16045 20
16056 10
16259 193
16284 10
16287 2
16292 4
16350 45
16358 4
16384 23
16430 43
16454 19
16459 3
16496 35
16546 43
16564 12
16574 7
16601 24
16680 73
16791 106
16796 1
16809 1
17036 222
17041 4
17143 101
17151 7
17180 7
17238 40
17255 8
17292 30
17376 74
17382 1
17400 16
17411 3
17420 7
17450 24
17494 42
17500 5
17503 2
17543 37
17546 2
17555 5
17570 12
17580 8
17604 21
17841 211
17851 4
17898 46
17916 14
17931 11
17935 2
17956 16
18043 73
18087 24
18159 59
18162 1
18334 169
18422 86
18432 8
18466 31
18480 13
18494 12
18521 24
18527 5
18549 16
18551 1
18625 66
18641 13
18645 1
18648 1
18667 17
18684 11
18694 1
18739 40
18746 6
18749 1
18768 16
18800 24
18901 99
19074 166
19079 1
19083 1
19097 5
19106 1
19127 15
19373 245
19504 129
19553 47
19557 3
19564 4
19752 185
19756 3
19807 50
19853 45
19858 4
19878 13
19988 102
20054 53
20230 175
20306 71
20320 8
20361 37
20400 35
20440 34
20444 1
20486 33
20490 1
20608 116
20642 33
20644 1
20699 35
20781 74
20802 19
20812 3
20850 36
20852 1
20869 13
20915 38
20941 21
20946 4
21049 102
21185 135
21189 1
21213 16
21239 25
21256 14
21318 56
21331 1
21374 40
21418 42
21436 3
21653 208
21778 113
21793 12
21811 15
21825 12
21834 8
21963 120
22004 37
22059 46
22062 2
22069 1
22083 13
22095 11
22097 1
22115 15
22137 21
22153 9
22219 62
22230 9
22240 7
22293 49
22311 10
22319 5
22351 27
22396 41
22518 99
22666 138
22711 44
22777 63
22831 49
23092 227
23096 2
23105 2
23108 1
23188 78
23196 1
23255 54
23267 11
23360 92
23371 8
23391 17
23462 70
23553 88
23578 18
23604 11
23629 23
23641 11
23653 11
23660 6
23667 2
23674 5
23681 6
23721 31
23730 5
23741 3
23774 29
23814 30
23824 5
23880 48
23934 49
23941 1
23961 18
24051 83
24083 27
24173 81
24185 8
24197 11
24229 30
24244 1
24262 8
24291 26
24320 28
24357 36
24368 1
24512 143
24530 2
24603 72
24614 9
24757 142
24770 10
24782 4
24809 9
24830 15
24864 33
24871 5
24892 12
24919 7
24927 4
24970 35
24994 17
25322 327
25357 21
25366 8
25376 4
25402 25
25404 1
25425 14
25448 18
25452 1
25455 1
25463 1
25505 40
25511 4
25526 8
25549 22
25566 1
25572 2
25627 54
25630 1
25737 106
25752 13
25764 1
25797 17
25811 9
25821 4
25830 7
25887 44
25903 9
25960 49
25971 1
26083 111
26122 36
26137 14
26183 40
26214 22
26226 9
26230 2
26242 4
26257 14
26318 59
26341 18
26345 2
26364 5
26462 74
26490 19
26725 229
26765 39
26774 6
26857 81
26865 4
26871 2
26875 3
26886 2
26891 3
26900 5
26911 9
26916 1
26919 2
27061 129
27077 5
27112 15
27123 10
27156 28
27163 1
27176 12
27190 11
27273 82
27294 16
27358 63
27410 49
27436 25
27451 1
27463 9
27475 2
27490 12
27636 144
27639 2
27649 9
27660 6
27677 16
27693 15
27766 71
27771 2
27806 28
27819 7
27866 41
27885 16
27895 2
27898 2
28023 124
28067 34
28160 84
28185 21
28187 1
28303 111
28343 35
28634 290
28656 12
28697 37
28799 89
28915 115
28917 1
28924 2
28949 24
29121 169
29128 5
29343 211
29346 1
29386 38
29400 3
29466 62
29603 135
29678 61
29697 12
29708 4
29712 2
29734 19
29736 1
29752 12
29757 1
29787 27
29821 33
29828 6
29869 40
29872 1
29894 14
29925 29
29941 14
29955 8
29964 7
29990 13
29999 3
30119 111
30134 8
30239 96
30251 11
30269 12
30272 1
30295 19
30302 4
30390 80
30432 40
30446 8
30449 1
30455 1
30494 34
30522 21
30548 1
30561 1
30623 57
30644 9
30703 50
30732 13
30741 6
30744 1
30750 1
30755 4
30830 60
30853 7
30891 37
30936 32
30954 12
30967 3
30990 22
30992 1
31011 17
31034 17
31104 69
31276 169
31287 1
31380 67
31424 40
31528 93
31558 29
31564 2
31607 34
31676 60
31742 61
31844 99
32099 244
32144 39
32150 3
32197 40
32235 30
32317 78
32327 1
32403 73
32434 30
32443 3
32467 2
32479 7
32481 1
32494 8
32552 42
32560 5
32568 1
32573 4
32678 98
32684 2
32846 158
32851 1
32885 33
32977 65
32990 10
33006 13
33015 6
33028 2
33046 8
33074 2
33087 5
33091 2
33201 104
33208 5
33218 6
33231 11
33256 24
33287 28
33295 7
33322 14
33330 2
33438 95
33598 155
33610 8
33662 48
33747 84
33749 1
33792 39
33866 57
33875 8
33923 44
34047 117
34056 7
34092 35
34123 21
34135 2
34145 2
34156 2
34190 32
34207 9
34256 48
34377 117
34382 4
34390 3
34392 1
34493 96
34496 1
34509 1
34527 16
34556 22
34677 120
34689 4
34691 1
34739 40
34763 15
34829 52
34852 17
34968 111
34991 13
35018 25
35053 31
35106 51
35144 31
35288 139
35356 52
35381 5
35424 37
35456 29
35495 38
35519 7
35540 18
35547 1
35686 137
35710 5
35754 30
35766 5
35873 103
36012 135
36044 24
36057 3
36146 72
36150 1
36172 15
36190 9
36206 10
36210 3
36428 213
36468 39
36472 1
36494 19
36500 1
36516 4
36536 14
36652 113
36710 57
36783 71
36839 54
36877 36
36899 18
36923 20
36965 39
37221 254
37238 1
37248 6
37334 84
37427 91
37434 1
37439 1
37465 24
37480 8
37629 130
37652 21
37665 8
37672 5
37726 52
37739 11
37754 10
37761 3
37830 67
37839 1
37849 5
37858 1
37866 2
37902 34
38014 111
38025 9
38027 1
38039 9
38044 4
38106 61
38179 66
38221 35
38267 41
38285 14
38487 195
38545 47
38596 32
38611 14
38645 31
38669 16
38680 4
38693 3
38700 5
38770 67
38777 2
38782 1
38784 1
38808 11
38862 50
38891 28
38917 21
39042 113
39049 6
39094 39
39110 6
39135 24
39140 1
39159 18
39219 50
39288 60
39320 31
39335 14
39337 1
39372 24
39417 42
39420 1
39450 20
39455 1
39464 2
39467 1
39475 4
39485 1
39579 92
39593 13
39597 2
39664 60
39692 16
39712 18
39718 4
39742 22
39751 7
39874 118
39989 114
40030 36
40035 1
40053 2
40072 17
40083 1
40095 8
40137 40
40153 5
40166 8
40170 3
40206 34
40226 13
40246 17
40343 78
40350 1
40389 22
40462 66
40469 2
40486 9
40489 2
40495 3
40504 2
40510 3
40529 3
40557 27
40581 3
40598 7
40643 43
40671 27
40674 1
40733 52
40818 77
40824 3
40833 7
40932 97
40937 1
40959 15
40976 12
40982 3
41003 18
41060 37
41115 47
41123 1
41129 3
41134 1
41163 27
41169 2
41189 12
41199 6
41267 65
41295 25
41456 144
41467 8
41486 18
41511 24
41519 2
41528 8
41629 94
41959 329
41968 6
42046 58
42239 189
42252 12
42299 41
42304 3
42309 1
42328 18
42367 38
42430 62
42434 3
42472 37
42475 1
42497 17
42508 1
42539 25
42552 12
42585 30
42839 239
42847 4
42868 3
42874 1
42926 51
42940 5
42949 1
42972 12
42983 8
42988 1
43031 31
43043 2
43160 111
43180 11
43189 2
43192 1
43235 41
43242 6
43256 12
43340 81
43362 15
43390 24
43417 21
43453 9
43474 4
43494 16
43500 5
43527 26
43592 60
43602 7
43706 90
43733 25
43746 2
43812 61
43844 26
43848 1
43858 7
43903 41
43919 4
43934 14
44016 79
44037 9
44088 47
44090 1
44220 129
44234 11
44244 8
44359 107
44367 4
44384 16
44417 30
44515 94
44562 35
44566 1
44577 9
44653 71
44657 2
44698 33
44721 5
44753 30
45082 328
45102 12
45171 68
45229 48
45232 1
45284 35
45310 12
45313 1
45455 141
45474 11
45499 22
45514 2
45537 17
45667 123
45675 3
45687 9
45764 69
45769 1
45791 9
45798 5
45812 8
45896 83
45995 93
45999 1
46045 45
46049 1
46052 1
46208 153
46216 3
46275 58
46280 1
46418 133
46421 1
46450 12
46473 17
46476 1
46500 19
46512 1
46530 15
46534 1
46543 8
46545 1
46593 45
46615 19
46663 36
46808 142
46866 53
46890 22
46903 8
46932 26
46938 1
46941 2
46989 37
47000 4
47004 1
47021 10
47028 2
47035 6
47078 40
47113 23
47173 54
47188 11
47204 11
47213 7
47231 1
47304 53
47314 9
47319 4
47321 1
47365 41
47383 1
47390 1
47435 41
47463 23
47479 1
47485 3
47625 137
47656 20
47681 21
47688 1
47690 1
47693 2
47712 1
47737 23
47857 118
47882 18
47907 22
47911 2
47922 10
47933 5
47976 39
47985 4
48099 113
48105 5
48159 51
48191 31
48209 13
48239 28
48246 1
48269 22
48282 5
48357 69
48366 3
48392 24
48416 23
48421 3
48438 13
48454 1
48512 55
48583 65
48588 4
48606 11
48664 50
48721 50
48738 14
48765 25
48880 111
48916 35
48974 54
48976 1
48985 1
48992 1
49058 44
49076 1
49086 7
49151 62
49182 29
49185 1
49191 3
49204 1
49236 26
49300 57
49324 18
49357 27
49382 21
49394 6
49401 1
49403 1
49413 5
49417 1
49453 32
49472 15
49509 33
49581 65
49609 16
49635 18
49682 38
49691 5
49707 13
49776 67
49783 6
49788 1
49798 8
49807 6
49954 143
49987 21
50092 100
50097 3
50117 17
50120 1
50122 1
50228 101
50233 4
50238 3
50243 4
50252 4
50277 21
50436 146
50464 27
50487 14
50501 10
50534 31
50564 23
50573 8
50595 19
50617 21
50625 6
50679 50
50691 7
50762 65
50770 2
50773 1
50798 1
50920 104
50936 12
50951 5
50954 1
50962 6
50974 2
50982 4
51165 168
51203 34
51231 25
51241 7
51258 14
51267 1
51345 73
51395 49
51436 38
51538 101
51593 47
51604 9
51614 1
51623 7
51628 2
51646 13
51660 13
51705 42
51720 14
51724 3
51732 1
51783 36
51792 6
51818 25
51860 39
51870 2
51883 10
51900 9
51964 53
51983 9
51999 12
52014 2
52044 24
52081 32
52144 62
52220 70
52228 5
52240 8
52249 1
52267 7
52271 2
52274 1
52291 14
52296 2
52317 8
52382 60
52414 21
52453 28
52467 13
52483 7
52498 7
52538 39
52550 11
52577 10
52610 28
52636 21
52648 6
52670 17
52713 15
52718 1
52787 68
52799 11
52818 7
52826 7
52864 36
52869 1
52921 48
52938 12
52954 13
52980 7
53054 70
53057 2
53105 45
53113 4
53129 12
53166 1
53170 3
53180 8
53224 43
53251 18
53266 5
53272 5
53305 32
53320 11
53340 11
53456 115
53484 27
53515 25
53531 14
53539 6
53628 85
53671 33
53675 1
53756 80
53843 76
53845 1
53875 28
53904 24
53909 4
54028 101
54033 1
54035 1
54041 5
54122 65
54177 41
54258 76
54357 89
54417 47
54437 15
54486 45
54492 4
54520 24
54535 11
54567 22
54580 9
54628 42
54634 1
54686 42
54693 5
54717 20
54772 53
54780 7
54858 74
54867 1
54880 11
54933 38
54938 1
54979 39
55080 95
55103 20
55142 37
55183 40
55216 28
55308 81
55363 50
55380 14
55434 50
55500 55
55513 10
55621 97
55635 12
55641 1
55643 1
55670 25
55732 48
55740 1
55917 175
55927 9
55967 36
55990 19
56053 62
56152 97
56167 6
56173 5
56242 63
56248 3
56260 8
56263 1
56266 2
56401 106
56404 2
56410 2
56432 18
56438 1
56674 233
56703 25
56708 4
56718 8
56724 3
56739 5
56748 1
56753 2
56771 12
56841 69
57001 158
57030 20
57036 1
57043 4
57065 12
57080 12
57095 9
57184 87
57187 1
57245 55
57262 14
57360 97
57371 10
57599 225
57604 3
57635 16
57654 18
57701 28
57718 2
57767 38
57779 8
57843 51
57965 107
57981 15
58068 86
58088 10
58138 49
58194 23
58214 1
58258 42
58262 1
58282 19
58286 1
58319 23
58466 136
58476 3
58497 20
58519 12
58529 1
58563 26
58585 21
58605 1
58683 68
58700 11
58735 31
58751 9
58754 1
58807 46
58812 3
58822 7
58870 47
58888 17
58895 6
58900 1
58907 4
58953 36
58972 18
58980 2
59050 66
59059 6
59075 1
59170 91
59246 62
59300 53
59327 24
59375 46
59392 2
59404 2
59414 1
59448 32
59493 44
59554 54
59563 5
59583 15
59623 38
59787 152
59795 6
59802 2
59897 94
59903 5
59983 70
59986 1
60005 17
60061 34
60072 6
60132 58
60179 46
60259 76
60270 4
60294 18
60299 1
60501 200
60563 51
60584 14
60590 4
60600 6
60678 75
60697 7
60776 71
60791 8
60807 15
60820 11
60828 7
60831 1
60950 103
60960 8
60966 2
61019 48
61027 6
61043 11
61064 19
61074 7
61128 51
61137 6
61250 88
61286 28
61301 14
61337 25
61342 4
61377 28
61420 42
61445 23
61484 27
61599 105
61617 16
61625 3
61676 25
61681 3
61714 29
61875 160
61900 22
61916 15
61951 28
61978 26
61981 1
62017 32
62041 16
62053 11
62101 45
62108 6
62120 11
62181 51
62185 2
62205 17
62209 3
62272 44
62310 23
62314 1
62326 7
62331 1
62339 2
62436 95
62473 29
62490 16
62501 9
62520 13
62522 1
62571 47
62588 6
62710 121
62768 56
62776 1
62779 2
62834 40
62888 49
62902 6
62985 75
63013 27
63045 25
63050 3
63078 27
63346 249
63417 62
63427 6
63429 1
63484 52
63567 80
63628 60
63673 43
63682 6
63684 1
63698 9
63715 8
63769 51
63777 7
63792 13
63852 54
63864 1
63889 23
63891 1
63978 83
64001 13
64017 6
64026 1
64137 110
64155 17
64162 6
64165 2
64173 4
64177 1
64210 29
64223 7
64240 13
64243 1
64246 2
64249 1
64299 48
64320 6
64330 3
64350 7
64359 7
64365 3
64404 35
64423 9
64432 5
64446 7
64455 1
64583 127
64634 40
64703 65
64716 10
64722 2
64749 20
64784 34
64817 30
64832 14
64847 6
64857 4
64865 7
64914 41
64958 27
64992 33
65000 7
65015 10
65022 1
65029 1
65037 7
65040 2
65043 1
65080 36
65088 3
65136 47
65145 8
65204 56
65223 4
65236 11
65238 1
65284 42
65311 23
65340 25
65377 35
65400 13
65404 3
65428 6
65445 4
65456 3
65468 5
65502 26
65517 14
65610 91
65662 50
65665 2
65715 44
65722 6
65739 6
65743 3
65760 4
65928 163
65977 46
65980 2
65991 3
66167 175
66367 194
66414 46
66433 17
66448 14
66468 19
66490 10
66626 132
66648 18
66658 4
66704 17
66707 1
66728 17
66791 57
66808 16
66816 5
66821 3
66832 2
66941 93
66961 5
66972 3
66977 1
66985 4
67027 37
67045 9
67058 6
67078 14
67161 77
67234 72
67373 136
67381 6
67540 158
67627 83
67641 3
67643 1
67694 38
67730 8
67754 19
67761 6
67799 32
67822 9
67854 25
67874 16
67889 9
67921 31
67943 20
67957 1
67964 4
68058 91
68075 4
68077 1
68099 19
68106 4
68118 4
68121 2
68129 5
68142 9
68201 56
68205 1
68301 90
68326 24
68384 53
68395 7
68439 38
68469 29
68529 56
68532 1
68538 4
68556 17
68561 1
68578 2
68589 7
68593 3
68652 53
68758 105
68798 38
68862 63
68875 9
68879 3
68919 39
68962 41
68993 27
69006 7
69024 8
69029 2
69034 3
69147 108
69199 49
69266 62
69270 1
69278 6
69301 10
69315 13
69318 1
69323 2
69327 2
69366 33
69376 7
69481 101
69515 31
69521 2
69576 46
69587 4
69619 29
69621 1
69633 5
69639 1
69650 7
69665 14
69704 32
69765 58
69777 2
69796 9
69856 53
69875 16
69993 117
69999 5
70005 5
70011 4
70092 73
70118 4
70158 36
70169 4
70212 32
70225 11
70303 76
70323 13
70335 11
70401 65
70405 2
70424 12
70451 24
70554 102
70582 21
70691 100
70717 25
70722 4
70728 1
70750 21
70770 3
70935 161
70950 11
70952 1
70956 2
71040 68
71060 18
71063 1
71095 29
71147 35
71154 1
71177 6
71200 6
71209 8
71246 36
71276 25
71310 30
71321 10
71328 5
71343 1
71375 27
71427 47
71432 3
71436 1
71442 3
71448 2
71480 17
71489 7
71544 50
71549 1
71646 93
71747 100
71770 11
71806 30
71810 1
71832 20
71836 1
71845 4
71861 12
71880 18
71895 2
72037 141
72083 42
72096 8
72151 54
72164 11
72168 3
72271 102
72298 22
72389 89
72416 24
72435 17
72470 31
72520 43
72564 38
72586 10
72589 2
72651 61
72717 64
72772 54
72859 85
72871 2
72884 6
72895 6
72902 3
72907 4
72933 20
72951 15
73013 49
73019 4
73027 6
73031 1
73089 57
73109 1
73117 6
73139 17
73194 51
73222 20
73324 101
73411 77
73413 1
73444 19
73451 3
73468 5
73523 53
73555 31
73562 6
73649 81
73699 46
73704 2
73712 7
73823 106
73987 163
73998 5
74038 30
74062 19
74076 10
74082 1
74220 133
74267 32
74284 11
74292 1
74308 7
74320 8
74330 9
74341 10
74355 11
74444 77
74482 22
74511 28
74576 59
74590 9
74624 31
74627 2
74714 73
74794 75
74835 36
74870 16
74902 17
74907 1
74961 33
74972 4
74986 13
74991 3
75000 6
75011 10
75022 10
75025 1
75029 1
75093 61
75111 12
75162 47
75206 41
75247 39
75273 24
75297 23
75301 3
75385 73
75396 3
75400 1
75408 7
75440 19
75444 1
75460 10
75556 84
75560 3
75562 1
75564 1
75618 42
75726 102
75762 32
75779 16
75795 13
75824 9
75841 16
75870 26
75933 61
76028 94
76052 23
76057 1
76071 12
76113 37
76192 78
76261 65
76290 28
76299 8
76313 12
76329 5
76337 1
76408 69
76425 13
76442 2
76451 5
76507 53
76611 89
76767 139
76786 14
76802 15
76823 15
76839 7
76919 76
76930 2
76954 22
76959 2
77044 84
77053 7
77067 13
77073 4
77181 107
77211 26
77284 72
77293 8
77304 4
77322 12
77329 3
77341 6
77381 23
77393 9
77443 36
77452 8
77470 6
77509 36
77602 80
77640 31
77644 3
77686 35
77689 2
77707 11
77788 77
77800 6
77807 1
77849 40
77921 64
77939 11
78069 119
78133 60
78138 3
78144 1
78163 4
78244 57
78295 43
78306 2
78365 42
78380 13
78392 6
78400 5
78432 29
78474 38
78502 10
78593 88
78627 26
78659 31
78672 7
78696 19
78819 122
78834 3
78839 3
78859 10
78863 1
78890 21
78945 50
79081 126
79110 21
79124 6
79151 22
79165 13
79174 4
79263 85
79272 1
79279 3
79369 86
79512 140
79517 3
79523 5
79657 126
79688 18
79758 67
79773 9
79780 5
79789 2
79818 27
79820 1
79852 27
79864 4
79887 19
79892 1
79895 1
79923 19
79930 6
79960 28
79968 5
79994 25
80154 149
80171 16
80203 26
80208 3
80214 5
80239 19
80246 6
80321 70
80329 5
80345 7
80372 18
80389 16
80445 24
80476 22
80548 66
80675 123
80680 2
80685 1
80708 6
80718 8
80720 1
80758 34
80804 41
80833 26
80889 48
80902 12
81048 141
81090 35
81126 26
81179 44
81188 1
81193 1
81302 108
81318 14
81360 40
81375 7
81473 93
81476 1
81485 1
81509 1
81573 62
81710 131
81713 2
81754 40
81783 27
81794 3
81907 109
81916 7
81918 1
81989 64
81998 1
82010 8
82028 12
82153 124
82165 4
82178 6
82191 9
82193 1
82206 1
82237 20
82294 43
82343 46
82394 49
82457 62
82503 38
82516 12
82584 65
82592 1
82653 54
82666 1
82669 1
82681 11
82728 25
82747 17
82779 31
82782 1
82858 73
82860 1
82895 34
82907 8
82924 4
82931 1
83000 66
83050 41
83122 70
83138 14
83234 95
83342 96
83364 17
83367 1
83382 1
83393 4
83400 4
83462 28
83465 2
83481 14
83502 11
83542 39
83583 35
83640 53
83746 105
83750 1
83786 19
83796 5
83811 2
83883 65
83964 74
83968 2
84010 31
84027 15
84038 8
84186 146
84227 39
84364 132
84447 71
84563 109
84571 1
84576 1
84586 6
84681 84
84770 88
84822 42
84829 2
84842 7
84882 35
84889 1
84894 2
84896 1
84898 1
84976 72
84990 8
85120 129
85126 2
85201 74
85222 14
85274 48
85313 36
85317 1
85320 1
85322 1
85372 41
85417 43
85420 1
85426 3
85428 1
85447 9
85466 12
85526 46
85539 12
85547 1
85562 11
85574 3
85611 35
85633 14
85712 69
85720 7
85736 7
85747 8
85754 6
85769 12
85772 1
85821 39
85861 35
85865 1
85947 79
85951 3
85982 24
85987 2
85992 3
85996 2
86008 7
86010 1
86026 15
86073 43
86154 73
86169 4
86178 1
86350 154
86463 111
86495 20
86502 4
86506 3
86549 39
86582 31
86596 10
86608 7
86616 4
86626 7
86629 1
86684 53
86699 11
86730 17
86747 9
86774 16
86786 11
86790 2
86964 170
86978 9
86989 7
87106 106
87130 18
87141 10
87189 47
87198 2
87305 106
87321 12
87339 8
87346 2
87355 2
87362 5
87376 11
87475 97
87479 2
87569 85
87589 15
87624 32
87627 1
87630 2
87654 22
87811 156
87831 16
87841 5
87849 3
87858 5
87967 102
87994 15
88003 8
88015 3
88038 19
88089 36
88152 49
88160 6
88173 2
88202 26
88259 51
88397 132
88402 2
88462 50
88467 1
88486 16
88754 258
88763 6
88911 142
88928 15
88965 32
89017 49
89022 1
89054 30
89056 1
89064 6
89155 89
89165 9
89183 17
89233 48
89245 7
89289 43
89300 9
89393 74
89409 13
89421 1
89438 12
89518 77
89573 49
89579 4
89626 38
89631 1
89723 87
89748 20
89795 38
89815 19
89835 1
89914 75
89951 36
90050 98
90098 45
90119 16
90141 18
90151 8
90192 38
90237 44
90278 35
90343 59
90359 9
90408 33
90453 2
90489 35
90535 35
90543 5
90551 2
90593 41
90693 96
90716 16
90736 17
90776 30
90781 1
90795 11
90884 88
90933 48
90946 7
90981 27
91067 83
91101 32
91111 3
91186 69
91194 4
91215 19
91226 8
91236 4
91239 1
91309 69
91343 24
91354 9
91393 33
91400 1
91436 32
91456 11
91533 68
91738 177
91746 2
91749 1
91791 27
91794 2
91798 1
91812 6
91815 1
91842 23
91872 26
91928 49
91962 28
91982 17
91985 2
92035 36
92058 13
92153 81
92191 34
92198 3
92217 8
92285 65
92300 8
92320 14
92338 14
92364 21
92372 3
92389 8
92409 1
92437 21
92444 4
92462 12
92468 1
92506 36
92521 11
92560 23
92589 1
92627 33
92681 53
92706 23
92720 11
92729 1
92759 29
92809 41
92824 10
92936 103
92942 1
92952 1
92965 7
93044 70
93087 41
93118 22
93145 25
93168 20
93210 39
93226 1
93234 6
93236 1
93245 6
93266 15
93289 20
93307 14
93324 12
93334 5
93491 149
93622 130
93648 22
93673 9
93681 6
93691 3
93875 182
93879 1
93920 26
93978 56
94006 27
94145 138
94165 4
94183 12
94197 13
94306 104
94320 11
94392 69
94416 23
94450 32
94483 25
94655 164
94664 6
94694 27
94704 4
94718 4
94843 121
94848 1
94852 2
94855 1
94864 4
94871 3
94883 5
94915 24
94972 56
94999 22
95004 4
95012 2
95020 5
95022 1
95037 8
95087 48
95091 1
95094 1
95135 40
95157 20
95183 21
95186 1
95189 1
95298 96
95319 20
95350 24
95356 1
95409 52
95494 80
95521 26
95551 25
95574 20
95580 2
95600 19
95725 124
95799 71
95804 1
95825 9
95837 10
95856 17
95875 8
95923 41
95925 1
95996 70
96016 19
96025 7
96033 5
96051 13
96153 94
96171 17
96188 11
96193 3
96267 73
96269 1
96281 1
96310 27
96315 1
96320 3
96331 5
96335 1
96341 1
96401 54
96437 35
96533 91
96548 10
96684 127
96717 31
96728 9
96733 4
96735 1
96764 28
96782 4
96992 207
97048 39
97068 19
97081 7
97099 12
97133 24
97137 1
97246 97
97351 97
97353 1
97370 9
97379 1
97401 20
97406 1
97503 86
97518 14
97541 19
97590 46
97670 75
97770 98
97791 15
97822 22
97839 16
97887 47
97896 5
97911 4
97924 9
97941 15
97967 20
98014 37
98026 10
98031 2
98039 7
98054 13
98066 3
98116 46
98227 110
98259 28
98266 5
98268 1
98273 3
98280 3
98292 4
98314 20
98350 35
98352 1
98360 1
98626 259
98632 1
98642 1
98656 5
98672 11
98678 1
98782 97
98788 3
98835 43
98916 77
98956 30
98972 9
99123 148
99135 3
99210 69
99221 6
99227 2
99237 9
99249 7
99264 8
99268 3
99434 152
99466 28
99484 5
99532 30
99540 3
99559 15
99662 100
99699 31
99765 58
99790 21
99799 5
99807 4
99818 9
99833 4
99843 8
99848 4
99870 21
99875 2
99914 38
