0.0 1.0
1.0 0.211474751084
2.0 0.111879131025
3.0 0.0477953475055
4.0 0.0831447062949
5.0 0.0243876982559
6.0 0.034878771468
7.0 0.0418186610262
8.0 0.0469829587574
9.0 -0.0112369327539
10.0 -0.0268426204184
11.0 -0.0264679816404
12.0 -0.0243177510354
13.0 0.0239978670703
14.0 0.0314748731562
15.0 0.013556477137
16.0 0.0258231421761
17.0 0.00435356250305
18.0 0.0272737785038
19.0 0.0484184026776
20.0 0.000852062127958
21.0 0.0237722781287
22.0 0.0424399517039
23.0 0.0451272988365
24.0 0.00342485029541
25.0 -0.0246099801578
26.0 0.0320464805551
27.0 -0.0213837520031
28.0 -0.0139067459172
29.0 -0.00874244818601
30.0 0.0514651961807
31.0 -0.0186467215916
32.0 -0.00175463984339
33.0 0.0341318354737
34.0 0.0126622558006
35.0 -0.0159096911802
36.0 -0.0427060463341
37.0 -0.0233370139872
38.0 0.00135879384047
39.0 -0.00945723487085
40.0 0.0258921239186
41.0 0.00797372789943
42.0 0.0113624338037
43.0 0.0064102971009
44.0 -0.0363663844955
45.0 -0.0365288622451
46.0 0.0165764148138
47.0 0.0252918961989
48.0 0.00914909200673
49.0 0.0462740426231
50.0 0.0324439467855
51.0 0.0310429937366
52.0 0.0326561078139
53.0 0.0277039711111
54.0 0.107980242102
55.0 0.110503346991
56.0 0.129872379337
57.0 0.0356035347594
58.0 0.0549725671063
59.0 0.0121958855098
60.0 0.0315649178567
61.0 -2.1096250394e-05
62.0 -0.0156267839149
63.0 -0.00513571070282
64.0 -0.019502923068
65.0 -0.0036850743751
66.0 -0.0494758230978
67.0 -0.028331198924
68.0 0.0164332355278
69.0 0.0446802270094
70.0 0.0303130146442
71.0 0.00351665949032
72.0 -0.00552377739405
73.0 0.0463430243656
74.0 -0.0349595608961
75.0 0.0169072408635
76.0 0.0101795123337
77.0 0.0318612530352
78.0 0.0357870754671
79.0 -0.0105407897832
80.0 0.00457570013805
81.0 0.0280330326665
82.0 -0.00301586491297
83.0 -0.0317520541378
84.0 -0.0379426661399
85.0 0.000957876303395
86.0 0.0132245413424
87.0 -0.0437568748696
88.0 -0.0314902098306
89.0 -0.00679440200287
90.0 -0.0105080634064
91.0 0.000520126333358
92.0 -0.0653392490134
93.0 0.00729753814193
94.0 0.0343060543242
95.0 0.0323679847477
96.0 0.0286543233441
97.0 0.0533501311718
98.0 0.0212270005371
99.0 0.00153301269104
100.0 0.0351067796535
101.0 0.03139311825
102.0 -0.000730012384753
103.0 0.0346193464046
104.0 0.0752954806749
105.0 0.0183140644629
106.0 -0.0280138007875
107.0 0.0162135171367
108.0 0.0799723451573
109.0 0.0460736226956
110.0 0.0210528593687
111.0 0.0173391979652
112.0 0.01292417779
113.0 -0.0174233610178
114.0 0.0131363388184
115.0 0.0183006365497
116.0 -0.0315784123546
117.0 -0.0477212165467
118.0 -0.0585372452581
119.0 -0.0196367028148
120.0 -0.0144724050835
121.0 -0.00220574004448
122.0 -0.0165729524097
123.0 0.0205519982067
124.0 -0.00748283224652
125.0 -0.00409412634224
126.0 -0.00425660409185
127.0 0.0364195301784
128.0 0.0106974080798
129.0 0.0128476386848
130.0 0.0091339772813
131.0 0.0556740035601
132.0 -0.0208389227484
133.0 0.00208129325231
134.0 0.064064529446
135.0 -0.0213263559973
136.0 -0.00550850730434
137.0 -0.017563011315
138.0 0.00589432121344
139.0 -0.0226776257674
140.0 -0.0187518033354
141.0 -0.0277922402198
142.0 -0.0137499833538
143.0 -0.0387707466808
144.0 -0.0348449242488
145.0 -0.00837352459417
146.0 0.0145466914066
147.0 0.0232621727917
148.0 1.70012917431e-05
149.0 0.0176104418116
150.0 0.017447964062
151.0 0.0272376785025
152.0 0.000441323348589
153.0 0.0150206967422
154.0 0.0390151457983
155.0 0.0495062190104
156.0 0.00780377046924
157.0 0.0324995782969
158.0 0.0387381090835
159.0 0.00360091132251
160.0 0.00698961722679
161.0 0.0203305153211
162.0 -0.00894279043134
163.0 0.0446996031552
164.0 -0.0243380815618
165.0 0.00568450174674
166.0 0.0268291259205
167.0 0.0213398726901
168.0 0.0087482521518
169.0 0.013912549883
170.0 0.00132092934476
171.0 -0.0142847583198
172.0 -0.0293533294566
173.0 -0.014773956063
174.0 -0.0161749091119
175.0 -0.045985331392
176.0 -0.0372698500069
177.0 -0.00418880977641
178.0 -0.0441156664906
179.0 -0.00112682386573
180.0 -0.00128930161534
181.0 -0.0287870155409
182.0 -0.0538077788678
183.0 -0.0291119710401
184.0 -0.00102922180249
185.0 0.0229652272536
186.0 0.032754941694
187.0 0.011285362021
188.0 -0.0084086258251
189.0 0.0161229397586
190.0 -0.0149259578208
191.0 -0.0495260390541
192.0 -0.0456002166222
193.0 -0.0226800006215
194.0 0.00379139903319
195.0 -0.0407608743902
196.0 -0.0705712966703
197.0 -0.0387731215348
198.0 -0.019404089188
199.0 -0.0231177505915
200.0 0.00690483271706
201.0 0.0369274160256
202.0 0.0296625709682
203.0 0.0223977259108
204.0 0.0062549217186
205.0 0.00840515232358
206.0 0.00469149092007
207.0 0.0352511907563
208.0 0.0475178557953
209.0 0.0549948618812
210.0 0.00974122968612
211.0 0.0159797604727
212.0 0.0353487928195
213.0 -0.0376129498351
214.0 -0.0235706929691
215.0 -0.00135183574
216.0 0.0268951557416
217.0 0.0325965700005
218.0 0.00154767242106
219.0 0.0102631538062
220.0 -0.0112064258668
221.0 -0.0433295565016
222.0 0.0174152043928
223.0 -0.011156742588
224.0 0.00342263080563
225.0 -0.0370413424362
226.0 -0.0295643363504
227.0 -0.0190732631383
228.0 0.0446855648823
229.0 -0.0419437958602
230.0 -0.0101456207247
231.0 -0.0371062181226
232.0 -0.0374329381162
233.0 -0.0484132090715
234.0 -0.0102140253998
235.0 -0.00451261114095
236.0 -0.0384113336026
237.0 -0.049227362314
238.0 -0.0103268198706
239.0 -0.00871370579331
240.0 -0.0274977028281
241.0 -0.0457445833352
242.0 -0.0116336998451
243.0 -0.0171229530755
244.0 -0.0279389817869
245.0 -0.022237567528
246.0 -0.0170732697967
247.0 -0.0385428494698
248.0 -0.017398225296
249.0 -0.0264386621803
250.0 -0.0361804578364
251.0 -0.0292405682782
252.0 0.00718302356654
253.0 -0.0315053578483
254.0 0.0198243273836
255.0 -0.004122202888
256.0 0.0152468294588
257.0 0.0133087598823
258.0 0.0433313431908
259.0 0.0188476963916
260.0 -0.0150510260701
261.0 -0.0258670547814
262.0 -0.0242539407041
263.0 -0.013762867492
264.0 -0.0174765288955
265.0 -0.0176390066452
266.0 -0.00182115795221
267.0 -0.0197395539713
268.0 -0.0264672825011
269.0 -0.0124250256351
270.0 0.0122707821926
271.0 -0.011675748079
272.0 0.0272247943643
273.0 -0.00667392809741
274.0 -0.0293819830697
275.0 -0.0224420935115
276.0 -0.0243801630881
277.0 0.00440394492114
278.0 0.00779265082543
279.0 -0.0403108062519
280.0 0.0181212462879
281.0 -0.00103562503052
282.0 -0.0414995982723
283.0 -0.0388122511397
284.0 -0.0135793267844
285.0 -0.00750503824181
286.0 -0.0319886850411
287.0 -0.0275257460815
288.0 0.00712225393627
289.0 0.000230283162507
290.0 -0.0207021799829
291.0 -0.038784818246
292.0 -0.00822511840978
293.0 -0.0208167389481
294.0 0.000865001753397
295.0 -0.0188289860927
296.0 -0.029645014804
297.0 0.0204461951287
298.0 -0.0187793028139
299.0 0.00112684606063
300.0 -0.01092765795
301.0 -0.032397237623
302.0 0.0136056721281
303.0 0.0578329900522
304.0 -0.00571367693995
305.0 0.00122621261824
306.0 0.00461491852253
307.0 -0.000337218180285
308.0 -0.0141673140179
309.0 -0.0198208094923
310.0 0.000622455909835
311.0 -0.00395680650932
312.0 0.00298308304887
313.0 0.0346170159404
314.0 -0.0134864411369
315.0 0.00997089139149
316.0 0.00980841364187
317.0 0.00254356858445
318.0 -0.0100480519538
319.0 0.0217501231817
320.0 -0.00149504831829
321.0 0.037405494125
322.0 0.0283650572406
323.0 0.0211002121832
324.0 0.0120597752989
325.0 -0.0111853962011
326.0 0.00925786920103
327.0 -0.000483926454987
328.0 0.0158710387656
329.0 -0.00382294908047
330.0 -0.0442869223223
331.0 0.00634140413802
332.0 0.00902875127066
333.0 0.0212954163097
334.0 0.011016504126
335.0 0.0279085858743
336.0 0.0199423820452
337.0 0.0327461636119
338.0 -0.00718069310227
339.0 -0.015684013459
340.0 -0.00837124961714
341.0 -0.0245140538093
342.0 -0.0300033070398
343.0 -0.0184380007724
344.0 -0.0127365865135
345.0 6.71950532012e-05
346.0 -0.0102117171305
347.0 -0.0164023291326
348.0 -0.033783608624
349.0 0.00387845851996
350.0 0.00726716442424
351.0 -0.0296456251637
352.0 -0.0115150681161
353.0 0.0273854743272
354.0 0.00822860300874
355.0 -0.0203433439721
356.0 0.00257687202866
357.0 0.000638802452092
358.0 0.0342125694145
359.0 0.0180697652224
360.0 0.000151369203248
361.0 0.00709125876144
362.0 0.00692878101182
363.0 0.00854189508916
364.0 -0.000498541795212
365.0 -0.0432752233916
366.0 -0.0127155235554
367.0 0.00132673331055
368.0 -0.0178301380079
369.0 -0.02402075001
370.0 -0.0165437439241
371.0 -0.00906673783831
372.0 -0.0358630929922
373.0 -0.0253720197801
374.0 -0.0178950136943
375.0 0.0174543450951
376.0 0.0373604939696
377.0 0.0412863164016
378.0 0.0546272144959
379.0 -0.00235420171611
380.0 -0.00730633841892
381.0 -0.00338051598698
382.0 -0.0195233201792
383.0 -0.00849513043941
384.0 -0.0134472671422
385.0 -0.0136097448918
386.0 -0.029916791328
387.0 0.01786171025
388.0 -0.0297046302996
389.0 -0.00694865654283
390.0 -0.0296567115152
391.0 0.0181217900629
392.0 0.0101555862338
393.0 0.018871067619
394.0 -0.0056125791803
395.0 -0.0341845261611
396.0 -0.00717600997883
397.0 -0.00378730407454
398.0 -0.0318221345277
399.0 -0.0184812364334
400.0 -0.0150925305291
401.0 -0.016493483578
402.0 -0.00600241036591
403.0 -0.00971607176942
404.0 0.00610177692352
405.0 0.0201440337895
406.0 0.0377374743094
407.0 -0.0139171664218
408.0 -0.0259716704324
409.0 -0.0184946643466
410.0 -0.0186571420962
411.0 -0.0360384215876
412.0 -0.0196834563671
413.0 0.00146116780674
414.0 0.0137278328458
415.0 -0.0249605485691
416.0 0.00258508414086
417.0 0.0290564837955
418.0 0.00989961247708
419.0 0.00796154290052
420.0 -0.0223859959073
421.0 -0.0101193308682
422.0 -0.00673062496393
423.0 0.00908722372901
424.0 -0.0301382742135
425.0 -0.0320763437901
426.0 -0.00738053596239
427.0 -0.0164209728468
428.0 -0.00237871598077
429.0 -0.0185215201729
430.0 -0.0151328142687
431.0 0.011338585386
432.0 -0.00657981063313
433.0 0.000360078925057
434.0 -0.0246606844019
435.0 -0.0230475703245
436.0 -0.00900531345854
437.0 -0.000289832073403
438.0 0.00132328200393
439.0 -0.023697481323
440.0 -0.0167575917648
441.0 -0.0146073611598
442.0 -0.0319886406513
443.0 -0.000190465515787
444.0 -0.028225295969
445.0 -0.0106318554491
446.0 -0.0178967005065
447.0 -0.00918121912135
448.0 -0.0270996151405
449.0 0.00647415182198
450.0 -0.0292001624667
451.0 -0.0275870483893
452.0 -0.0254368177843
453.0 -0.0149457445722
454.0 -0.0239861814566
455.0 -0.0117195164176
456.0 -0.00833081051328
457.0 0.0298683731584
458.0 0.0137255689662
459.0 -0.00365571052526
460.0 0.00505977085987
461.0 0.0267415115613
462.0 0.0319058092926
463.0 -0.0161976477847
464.0 -0.0376672274578
465.0 -0.0342785215535
466.0 -0.0149094892066
467.0 -0.0257255179179
468.0 0.00252147356366
469.0 0.0016576370424
470.0 0.0103731184275
471.0 0.0249524918212
472.0 0.0159120549368
473.0 0.00687161805244
474.0 0.00423218970423
475.0 0.0342547730128
476.0 -0.00497072492975
477.0 0.016173899244
478.0 0.0165485380221
479.0 0.0146104684455
480.0 -0.000995219219006
481.0 0.01127144582
482.0 -0.00132017471824
483.0 -0.000945535940198
484.0 -0.0330686665749
485.0 -0.0225775933628
486.0 0.0127717654266
487.0 0.0268140222926
488.0 -0.0337185775734
489.0 -0.0196763207074
490.0 -0.00633542261305
491.0 0.0171219099153
492.0 0.04359330957
493.0 -0.015163698469
494.0 -0.00768669238315
495.0 -0.0202783129214
496.0 0.00673020326087
497.0 -0.0324952946817
498.0 -0.0209299884143
499.0 0.00591428552404
500.0 0.00984010795598
501.0 -0.000975920755337
502.0 -0.00468958215885
503.0 0.00278742392699
504.0 0.00795172165823
505.0 -0.00819108253395
506.0 -0.0172315194183
507.0 0.00923988023633
508.0 -0.0175564749175
509.0 -0.0065282851778
510.0 -0.00491517110047
511.0 0.0126782694194
512.0 0.00471206559036
513.0 -0.0108936220742
514.0 -0.00341661598832
515.0 -0.00713027739183
516.0 -0.00729275514145
517.0 0.00906221007915
518.0 0.0248800587721
519.0 0.00163488727211
520.0 -0.018059100574
521.0 7.14564735859e-05
522.0 0.00878693785873
523.0 0.00738598480981
524.0 0.016101466195
525.0 0.0324564314155
526.0 0.0198648108773
527.0 0.0108243739929
528.0 -0.0154348646333
529.0 0.00393416771353
530.0 0.00484592301922
531.0 -0.00188180551055
532.0 -0.00505835038641
533.0 0.0201745739689
534.0 0.00101770265051
535.0 -0.0240030606764
536.0 -0.0206143547721
537.0 -0.0143758239856
538.0 -0.00334763424584
539.0 -0.00706129564936
540.0 -0.0178773243607
541.0 0.0286627019181
542.0 -0.0105627960244
543.0 0.0134316530316
544.0 0.00261562432028
545.0 -0.00464922073714
546.0 0.00460337717565
547.0 0.0133188585608
548.0 0.000727238022523
549.0 -0.0225179334775
550.0 -0.00670008478451
551.0 -0.00331137888022
552.0 -0.00169826480289
553.0 -0.0338213954376
554.0 -0.0323725236043
555.0 -0.0374889025511
556.0 -0.0163442783773
557.0 -0.0106428641184
558.0 -0.0161321173489
559.0 -0.0109678196176
560.0 -0.00935470554029
561.0 0.0046875513257
562.0 -0.00257729373172
563.0 -0.01516891427
564.0 0.0219560363464
565.0 0.00936441580809
566.0 -0.0316366739614
567.0 -0.0140432334415
568.0 -0.0213080784989
569.0 -0.0143681889407
570.0 -0.00689118285489
571.0 0.0231314004537
572.0 0.0460516164544
573.0 -0.000276248795927
574.0 -0.000438726545542
575.0 0.0118279384935
576.0 0.0152166443978
577.0 0.00972739116732
578.0 0.0166672807255
579.0 0.0253827621106
580.0 0.0571809372461
581.0 -0.0033516626198
582.0 0.00412534346604
583.0 0.0169291250327
584.0 -0.00400333811263
585.0 -0.0142822502963
586.0 -0.00556676891116
587.0 -0.00696772196008
588.0 -0.0160081588444
589.0 -0.0037414938054
590.0 0.00852517123364
591.0 0.0177777691464
592.0 0.00927444878971
593.0 -0.00864394722941
594.0 -0.022474043067
595.0 -0.0297388881244
596.0 -0.0121454476045
597.0 -0.017634700835
598.0 -0.00714362762288
599.0 -0.00144221336399
600.0 -0.00515587476751
601.0 0.00888638209848
602.0 -0.0102704892199
603.0 0.0179765022617
604.0 -0.00171748558441
605.0 0.0247539140702
606.0 0.0405717627632
607.0 0.0214148914448
608.0 -0.0249129738056
609.0 -0.0263139268545
610.0 -0.0490219818268
611.0 -0.0172238066913
612.0 -0.0209374680948
613.0 0.00553393155981
614.0 0.000581794856998
615.0 -0.00313186654652
616.0 0.00256954771237
617.0 -0.0343432418756
618.0 -0.017988276655
619.0 0.00546905587344
620.0 0.0159601290855
621.0 0.0246756104707
622.0 0.0458202346445
623.0 0.0190238794906
624.0 -0.0148748429711
625.0 0.00449418937575
626.0 0.0380679563382
627.0 0.023700743973
628.0 0.0253138580503
629.0 0.0304781557815
630.0 0.00900857610852
631.0 -0.0172506625177
632.0 -0.00143281382476
633.0 0.0232629940029
634.0 0.0248761080803
635.0 0.0016309365803
636.0 -0.00385831665017
637.0 -0.000469610745882
638.0 0.0242261970818
639.0 0.00453220923574
640.0 -0.00983500312948
641.0 -0.00467070539824
642.0 -0.00305759132091
643.0 -0.0103224363783
644.0 -0.00284543029248
645.0 0.0147480102274
646.0 0.00785603945365
647.0 0.0199584622487
648.0 0.0251227599799
649.0 0.00720436396081
650.0 0.00171511073035
651.0 -0.0108765098079
652.0 -0.0181413548653
653.0 -0.016528240788
654.0 -0.0326710449802
655.0 0.0156445731255
656.0 0.0403403809532
657.0 0.0135440257993
658.0 -0.0121780962992
659.0 0.0178444870093
660.0 0.0199947176143
661.0 0.0500173009229
662.0 0.00368943567253
663.0 -0.0349989457424
664.0 -0.0269848231289
665.0 -0.0129425662629
666.0 0.00109969060312
667.0 -0.028710731677
668.0 -0.0052533991486
669.0 0.0235307088606
670.0 -0.00805530524643
671.0 -0.00359236628684
672.0 0.0317569925026
673.0 0.0285804476267
674.0 0.0230911943962
675.0 0.079747655109
676.0 0.0428348655211
677.0 0.060428306041
678.0 0.0341690674148
679.0 0.0624160588964
680.0 0.0503615548858
681.0 0.018238424251
682.0 0.00564680371276
683.0 0.0321182033674
684.0 0.0360440257993
685.0 -0.00140588031623
686.0 -0.00156835806585
687.0 0.00590864801999
688.0 -0.00614585599062
689.0 0.00364385844982
690.0 -0.0107233539154
691.0 -0.012661423492
692.0 -0.00340882557918
693.0 -0.0142248542905
694.0 0.00869536171025
695.0 -0.0145498097897
696.0 -0.0147122875393
697.0 -0.000670030673349
698.0 0.00680697541249
699.0 0.0155224567976
700.0 -0.0112738983562
701.0 0.0104078423452
702.0 -0.00358649573636
703.0 0.000876443223232
704.0 -0.0223687282767
705.0 -0.0255452731526
706.0 -0.0292589345561
707.0 -0.00225041837382
708.0 0.0100162466652
709.0 0.0187317280504
710.0 -0.00575191874892
711.0 0.0413252240575
712.0 -0.0121050085006
713.0 0.0445514522122
714.0 -0.00532759669207
715.0 0.0388997212321
716.0 -0.00742814401825
717.0 0.00128733736689
718.0 -0.0196451257785
719.0 -0.0215831953551
720.0 -0.00221416300821
721.0 -0.00894189153797
722.0 -0.0392894303458
723.0 -0.0335880160869
724.0 -0.015994575567
725.0 -0.0197082369705
726.0 0.0209678972998
727.0 0.0414111627019
728.0 0.0252683585097
729.0 0.0393106153757
730.0 0.0716459070389
731.0 0.0359715927503
732.0 0.0262297970942
733.0 0.0171893602099
734.0 0.0418851680376
735.0 0.0559274249036
736.0 0.00959955965323
737.0 0.0431733266157
738.0 0.0323572979044
739.0 0.00200975909658
740.0 -0.00826915308709
741.0 0.0164266547406
742.0 -0.0240373185012
743.0 -0.017097428943
744.0 -0.028614816426
745.0 -0.0110213759061
746.0 0.00479647278684
747.0 -0.0148975150592
748.0 -0.0239379519436
749.0 -0.0111341703769
750.0 0.0259907802394
751.0 0.0222771188359
752.0 0.0132366819516
753.0 0.0148497960289
754.0 -0.00661978364414
755.0 -0.0227625878363
756.0 -0.0104959227973
757.0 0.00408345059638
758.0 -0.00850816994189
759.0 0.00252001979785
760.0 -0.00775889238582
761.0 -0.0292284720588
762.0 -0.0151862151929
763.0 -0.0242266520772
764.0 -0.0101843952112
765.0 0.00563345348171
766.0 -0.0389188199417
767.0 -0.0302033385565
768.0 -0.0126098980366
769.0 0.0227394607528
770.0 -0.00938366988197
771.0 -0.0237508822472
772.0 -0.018586584516
773.0 -0.0347293887081
774.0 -0.0313406828038
775.0 -0.0368299360343
776.0 0.0091729737168
777.0 -0.0105210141293
778.0 -0.0160102673597
779.0 -0.0037436023207
780.0 0.0280545728148
781.0 0.0243409114113
782.0 0.011749290873
783.0 0.0813720109021
784.0 0.0812095331525
785.0 0.00221965624542
786.0 0.00969666233126
787.0 0.0184121437164
788.0 0.0218008496207
789.0 0.000868386475317
790.0 0.015447759869
791.0 -0.0113485952849
792.0 0.0103331454165
793.0 -0.0141505013827
794.0 -0.0338444892288
795.0 -0.0109242732281
796.0 -0.0164135264585
797.0 -0.0130248205543
798.0 0.00456861996564
799.0 0.041693570582
800.0 0.0154343319558
801.0 -0.0291179414676
802.0 0.0126324258579
803.0 -0.00652444546048
804.0 -0.0191160659987
805.0 -0.000985508951202
806.0 0.0663245027233
807.0 0.0311873049623
808.0 0.022146868078
809.0 0.012405072422
810.0 0.00158904371063
811.0 -0.0122410521269
812.0 -0.0143433639475
813.0 0.0091139685809
814.0 7.35316965336e-05
815.0 -0.00557996377793
816.0 -0.0181715843162
817.0 -0.024899312846
818.0 -0.0138711231062
819.0 -0.0175847845097
820.0 -0.0101077784239
821.0 -0.0115087314728
822.0 -0.00101765826072
823.0 -0.0143106375706
824.0 -0.0157115906195
825.0 -0.0313172782841
826.0 -0.0314797560337
827.0 -0.0222271581209
828.0 -0.0010825339471
829.0 0.00053058013024
830.0 0.01155876987
831.0 -0.00759810144844
832.0 0.0128451639537
833.0 0.000790659943092
834.0 0.00773054950128
835.0 0.0436170248183
836.0 0.0185962614914
837.0 0.000677865472285
838.0 0.0324760406078
839.0 0.0216600118965
840.0 0.0250487178008
841.0 -0.0106255964879
842.0 0.00519225220506
843.0 -0.0180529192949
844.0 -0.0217665806984
845.0 -0.0254802421019
846.0 0.00986911668746
847.0 -0.0146145301118
848.0 -0.00589904872668
849.0 -0.0179535527373
850.0 -0.0087009548245
851.0 -0.0319461263245
852.0 -0.0351226712003
853.0 -0.0152165223258
854.0 -0.00365121605845
855.0 0.000274606373487
856.0 -0.017106673118
857.0 -0.0167320343399
858.0 -0.00871791172645
859.0 -0.00355361399521
860.0 0.0140398265247
861.0 0.040884100463
862.0 0.0110736781829
863.0 -0.0110972602618
864.0 -0.00717143782987
865.0 -0.0151376416589
866.0 -2.11517376386e-05
867.0 -0.0280559821908
868.0 -0.00336017436312
869.0 -0.0219799291539
870.0 -0.0317217248099
871.0 -0.0402250451666
872.0 -0.0279583801276
873.0 -0.0187057822148
874.0 -0.0337743533517
875.0 -0.0293114143921
876.0 -0.00284001473741
877.0 0.0183046094364
878.0 0.0376736417832
879.0 0.0197552457641
880.0 0.0142659925336
881.0 -0.000101219831585
882.0 -0.0162440240238
883.0 0.00490060015004
884.0 0.0224940406699
885.0 0.00457564465081
886.0 -0.00747885935981
887.0 -0.00231456162857
888.0 -0.00619246527608
889.0 -0.0241108612952
890.0 -0.0233633482335
891.0 -0.01534922562
892.0 0.0127335236176
893.0 0.000679019606973
894.0 -0.00427311709584
895.0 -0.00443559484546
896.0 0.0202602129822
897.0 -0.0326329030482
898.0 -0.0168150543553
899.0 -0.0116507566241
900.0 -0.00115968341198
901.0 -0.00611182011479
902.0 -0.0252686914332
903.0 -0.0130020263942
904.0 -0.0303833058856
905.0 -0.0358725591161
906.0 -0.025381485904
907.0 -0.025006847126
908.0 -0.0180669575678
909.0 -0.0176923187898
910.0 -0.00558989599471
911.0 -0.0158688081784
912.0 -0.0387411053947
913.0 -0.0254002073003
914.0 -0.0049569418982
915.0 -0.00280671129321
916.0 -0.0233663001549
917.0 0.00364221602738
918.0 0.00455397133307
919.0 -0.0234808591201
920.0 -0.0213306285151
921.0 -0.0356978408803
922.0 -0.0252067676682
923.0 -0.0324716127257
924.0 -0.0161166475051
925.0 -0.0216059007355
926.0 -0.0182171948313
927.0 -0.0338228824958
928.0 -0.000249115533321
929.0 0.00313959037097
930.0 -0.0154801644198
931.0 -0.00854027486161
932.0 0.00372639017743
933.0 0.0147545799172
934.0 -0.0120417752367
935.0 0.00200048162928
936.0 0.0302474731109
937.0 0.0265338117074
938.0 0.017493374823
939.0 0.0137797134195
940.0 -0.00768986625355
941.0 0.00280120695854
942.0 -0.0287848071485
943.0 -0.0147425502825
944.0 -0.0113538443783
945.0 -0.0132919139548
946.0 -0.00350219951438
947.0 -0.00899145274484
948.0 -0.0121679976207
949.0 -0.00415387500721
950.0 0.00988838185878
951.0 -0.0211605157206
952.0 -0.030200952605
953.0 -0.0214854712199
954.0 0.00143474478087
955.0 0.010150226166
956.0 0.00342249763624
957.0 -0.00739353107508
958.0 -0.00755600882469
959.0 -0.0142837373545
960.0 -0.0129991077651
961.0 -0.0015980437417
962.0 1.50703356312e-05
963.0 0.00162818441297
964.0 -0.0180658034331
965.0 0.00130322891374
966.0 -0.00187331596213
967.0 -0.00451274431034
968.0 -0.00306387247699
969.0 0.0676330806074
970.0 -0.000166128810309
971.0 0.00144698526703
972.0 -0.00350515143579
973.0 -0.000116445531501
974.0 0.00504785219974
975.0 -0.0123334272917
976.0 -0.0137343803406
977.0 -0.0186865170435
978.0 -0.0135222193122
979.0 -0.0131475805342
980.0 -0.0150856501108
981.0 -0.0205749033412
982.0 -0.00120587099438
983.0 -0.0162744421312
984.0 0.00895848222411
985.0 0.00169363716669
986.0 -0.00449697483542
987.0 0.00599409837667
988.0 0.00938280428095
989.0 0.000342367396583
990.0 0.00480530635617
991.0 0.00394146983491
992.0 0.0291743941903
993.0 0.0183583654789
994.0 -0.000798505839478
995.0 0.00969256737261
996.0 -0.00236193663801
997.0 -0.00252441438762
998.0 -0.00801366761809
999.0 -0.0010737780599
1000.0 0.00231492784439
1001.0 0.00392804192172
1002.0 -0.00511239496265
1003.0 -0.0123772400201
1004.0 -0.00543735046188
1005.0 -0.00506271168384
1006.0 0.00542836152825
1007.0 -0.00893885083697
1008.0 -0.0126525122405
1009.0 -0.0069510979816
1010.0 -0.0166928936376
1011.0 0.00197477993759
1012.0 -0.0161078583255
1013.0 -0.0109435605943
1014.0 -0.00577926286305
1015.0 0.0235419616739
1016.0 -0.00218016042472
1017.0 -0.00605806407223
1018.0 -0.0044449499949
1019.0 -0.0134853868793
1020.0 -0.0143492234005
1021.0 -0.0162872929771
1022.0 -0.0034835114104
1023.0 -0.00434734793166
1024.0 -0.0032269605863
1025.0 -0.00871621381677
1026.0 0.000536384096024
1027.0 -0.00264016077984
1028.0 -0.000489930174851
1029.0 -0.0102317258309
1030.0 0.000796463908877
1031.0 -0.00824397297549
1032.0 0.000471508409647
1033.0 -0.00501774482082
1034.0 0.0179024711799
1035.0 -0.00534270032005
1036.0 -0.00550517806967
1037.0 -0.00707037336257
1038.0 -0.00136895910368
1039.0 -0.00578397927884
1040.0 -0.0030966321462
1041.0 -0.00148351806887
1042.0 -0.00643565477168
1043.0 -0.00729949129294
1044.0 -0.00391078538865
1045.0 -0.00122343825601
1046.0 -0.00493709965953
1047.0 -0.00580093618079
1048.0 -0.00187511374885
1049.0 -0.00381318332542
1050.0 0.00242534746113
1051.0 0.00048727788456
1052.0 0.0092027592697
1053.0 -0.00161326944162
1054.0 -1.55364284858e-07
1055.0 -0.0037138167678
1056.0 -0.000325110863515
1057.0 4.9527914523e-05
1058.0 -0.000112949835092
1059.0 -0.00205101941166
1060.0 -0.000437905334322
1061.0 -0.00539004203714
1062.0 0.0157545821367
1063.0 0.0161292209147
1064.0 0.0253818188275
1065.0 0.0127901982892
1066.0 0.0161789041935
1067.0 0.00181169182828
1068.0 0.00520039773257
1069.0 -0.000288855497898
1070.0 0.00186137510709
1071.0 0.00169889735748
1072.0 -0.00502883117229
1073.0 0.0029852914412
1074.0 -0.00427955361621
1075.0 -0.00444203136583
1076.0 -0.00282891728849
1077.0 -0.00778105399131
1078.0 0.00448561104773
1079.0 -0.00633041766359
1080.0 -0.00471730358625
1081.0 -0.0102065568167
1082.0 -0.00681785091243
1083.0 -0.008755920489
1084.0 0.00706192820394
1085.0 -0.000202916853474
1086.0 0.00496138087776
1087.0 0.0017848360019
1088.0 0.00162235825228
1089.0 -0.00279266192288
1090.0 0.00059604398141
1091.0 -0.00666880107601
1092.0 0.00027108848218
1093.0 0.00188420255952
1094.0 0.00704850029075
1095.0 0.0139883898489
1096.0 0.0173770957532
1097.0 0.00123429156106
1098.0 0.00107181381144
1099.0 -0.00441743941903
1100.0 -0.00280432534169
1101.0 -0.00474239491826
1102.0 -0.00668046449482
1103.0 0.00381060871727
1104.0 9.69473137515e-05
1105.0 -0.00184112226281
1106.0 -0.00555478366633
1107.0 -0.00340455306134
1108.0 0.0017597446699
1109.0 -0.00550510038752
1110.0 -0.00513046160949
1111.0 -0.00706853118605
1112.0 -0.00367982528176
1113.0 -0.00561789485833
1114.0 -0.000453597127092
1115.0 0.0064862924311
1116.0 -0.00255414445327
1117.0 -0.00341798097453
1118.0 0.00513325816661
1119.0 -0.00283294566245
1120.0 -0.00245830688441
1121.0 -0.00687332705958
1122.0 6.65624986128e-05
1123.0 0.00399238493055
1124.0 0.0167961664972
1125.0 0.00296607065968
1126.0 0.0139942603994
1127.0 0.000164164561851
1128.0 -0.00123678848706
1129.0 -0.00495044989058
1130.0 -0.00333733581324
1131.0 -0.00705099721676
1132.0 0.00166448416838
1133.0 -0.00328765253444
1134.0 0.0054278288507
1135.0 0.00580246762874
1136.0 0.00741558170608
1137.0 0.00192632847561
1138.0 -1.17411009557e-05
1139.0 -0.00496387780377
1140.0 -0.00458923902573
1141.0 -0.0029761249484
1142.0 -0.00313860269801
1143.0 -0.00685226410153
1144.0 -0.00346355819724
1145.0 0.001700739534
1146.0 0.00599943624959
1147.0 0.00282289137373
1148.0 0.00319753015177
1149.0 0.0012594605752
1150.0 -0.00014149247371
1151.0 -0.00331803734957
1152.0 -0.00170492327224
1153.0 -9.18091949023e-05
1154.0 0.00507248853634
1155.0 0.00313441895977
1156.0 0.00652312486406
1157.0 0.00280946346054
1158.0 0.00318410223858
1159.0 -0.000529559164939
1160.0 0.0010835549124
1161.0 -0.00263010649112
1162.0 -0.00279258424073
1163.0 -0.00295506199035
1164.0 0.00220923574089
1165.0 0.000271166164322
1166.0 0.00365987206861
1167.0 -0.00182938116186
1168.0 0.00032084944313
1169.0 -0.00231857890508
1170.0 0.00036876822756
1171.0 -0.00334489317596
1172.0 -0.00173177909862
1173.0 -0.00313273214753
1174.0 -0.0015196180702
1175.0 -0.00345768764676
1176.0 -0.00130745704178
1177.0 -0.000395701736085
1178.0 0.00229164539656
1179.0 -0.000347782951655
1180.0 0.00126533112568
1181.0 0.00163996990372
1182.0 0.0014774921541
1183.0 -0.000460577422462
1184.0 -0.000623055172077
1185.0 -0.000785532921692
1186.0 -0.000948010671307
1187.0 -0.000573371893269
1188.0 -0.000198733115231
1189.0 0.000175905662806
1190.0 0.000550544440844
1191.0 0.000925183218882
1192.0 0.00129982199692
1193.0 0.0011373442473
1194.0 0.00097486649769
1195.0 0.000812388748075
1196.0 0.00064991099846
1197.0 0.000487433248845
1198.0 0.00032495549923
1199.0 0.000162477749615
