0.0 1.0
1.0 0.110181720208
2.0 0.0200892956914
3.0 0.0276152388709
4.0 0.0510187307397
5.0 0.0586017874037
6.0 -0.00881658376934
7.0 0.0215547532077
8.0 -0.0125664565056
9.0 -0.0164860556186
10.0 -0.0106164034894
11.0 0.0621788297695
12.0 0.104109936008
13.0 0.244379039848
14.0 -0.0149063711334
15.0 -0.0307741112024
16.0 0.0437345265913
17.0 -0.0159392560844
18.0 0.0620533042634
19.0 -0.0211855021144
20.0 -0.06542722128
21.0 -0.035387142513
22.0 0.0818766497727
23.0 0.0537866240219
24.0 0.0845463326935
25.0 0.107949824562
26.0 0.0174690283506
27.0 -0.103818781397
28.0 -0.0205146669911
29.0 0.0494591601338
30.0 0.0279486077967
31.0 0.0114183513075
32.0 -0.0485866895783
33.0 -0.0581491009593
34.0 0.0156970204143
35.0 0.0513227979648
36.0 0.0763825808839
37.0 0.0607889855404
38.0 0.03468650905
39.0 -0.0144212789944
40.0 -0.0608218878738
41.0 -0.0379781081531
42.0 -0.0794555346691
43.0 0.0681697859734
44.0 -0.103343622038
45.0 -0.0817106481884
46.0 0.0110514592495
47.0 0.0253282162962
48.0 0.0945824135165
49.0 -0.00364297119246
50.0 0.0365176170268
51.0 0.00206514910344
52.0 -0.0733719552926
53.0 -0.0521273531376
54.0 -0.0611414750675
55.0 -0.073468179098
56.0 -0.0587002460846
57.0 -0.0801536849372
58.0 -0.0438653909666
59.0 0.0908751275741
60.0 -0.068244654302
61.0 -0.0332813931717
62.0 -0.0011395381754
63.0 -0.0366428942134
64.0 -0.021315249052
65.0 -0.0497936464973
66.0 -0.03220430735
67.0 -0.0619049333635
68.0 -0.0161015328763
69.0 -0.0253326860472
70.0 0.0257251550134
71.0 -0.0101094592346
72.0 0.0312619348559
73.0 -0.0101583781757
74.0 0.0626368550832
75.0 0.020496912147
76.0 -0.0388456123186
77.0 0.0832271353614
78.0 -0.0325892025716
79.0 -0.0432596155518
80.0 -0.0378354486016
81.0 -0.0018784128411
82.0 0.0155510085496
83.0 0.00322430451917
84.0 -0.0224326867921
85.0 -0.0355361342117
86.0 -0.0118013841329
87.0 0.0542430352589
88.0 -0.0257288798059
89.0 -0.0427046214742
90.0 0.00370418194866
91.0 -0.0191885167131
92.0 -0.0564623907705
93.0 0.0447068215849
94.0 -0.0720461774938
95.0 -0.0280132950259
96.0 0.0384194960604
97.0 -0.0439854534438
98.0 -0.0142766328869
99.0 -0.0192471201146
100.0 -0.0336756003745
101.0 -0.0533585212077
102.0 -0.0292925129188
103.0 -0.0507459517714
104.0 -0.0511816283303
105.0 -0.0141165909706
106.0 0.0600036751286
107.0 -0.0626662809437
108.0 0.00974058062065
109.0 0.0541047212986
110.0 0.0116335201524
111.0 -0.0129725830442
112.0 -0.0165609239472
113.0 0.0067854544371
114.0 -0.032201824155
115.0 0.02399623051
116.0 -0.0205767468656
117.0 -0.0252159758832
118.0 0.00410447297911
119.0 0.00958575341377
120.0 0.0144045174283
121.0 0.0563356236668
122.0 -0.0169997044998
123.0 -0.0227469351166
124.0 -0.0330289764022
125.0 0.0334038146841
126.0 -0.0122200508062
127.0 -0.0476662933597
128.0 -0.0289689526132
129.0 -0.0286849992675
130.0 -0.0252483815777
131.0 0.0268603475976
132.0 0.0313478534021
133.0 0.0600057858443
134.0 0.01156051422
135.0 -0.0463427504364
136.0 0.0271149992426
137.0 -0.0728237900012
138.0 0.0202695756468
139.0 0.066072976134
140.0 -0.0801048901559
141.0 -0.00769802859151
142.0 -0.0508888596424
143.0 0.0709097433121
144.0 0.0753972491166
145.0 0.0231367967281
146.0 0.00378513410494
147.0 -0.00118535312274
148.0 0.00540392891109
149.0 0.0377628151485
150.0 -0.0502278331392
151.0 0.0376110919353
152.0 0.0315326031085
153.0 -0.049158941861
154.0 0.0176051074354
155.0 0.120818982536
156.0 0.117561899843
157.0 0.063530929435
158.0 -0.00139729381411
159.0 -0.0225194744566
160.0 -0.0198024866715
161.0 0.0102375920955
162.0 -0.0218389548729
163.0 0.000125277186639
164.0 0.046591194094
165.0 -0.0242539861487
166.0 -0.0614707467216
167.0 0.0589457099082
168.0 0.0980554100127
169.0 0.0790350055996
170.0 0.0351816581286
171.0 -0.0514839573188
172.0 -0.00496092692702
173.0 0.0177229350371
174.0 -0.0110867206182
175.0 -0.0416668942929
176.0 -0.0571462626674
177.0 -0.0179794490784
178.0 -0.0565783559759
179.0 0.0025553317921
180.0 0.117717347848
181.0 0.0391275791084
182.0 -0.0229792380068
183.0 -0.0262363206997
184.0 0.0286938146096
185.0 0.0250483602222
186.0 0.0158172070513
187.0 -0.00608171698034
188.0 -0.0461769971716
189.0 -0.0252636532268
190.0 -0.0548500522713
191.0 0.014072886739
192.0 0.0419540757921
193.0 0.0467728398066
194.0 -0.0233527105315
195.0 -0.0332463801225
196.0 -0.0645461837018
197.0 -0.0128829397055
198.0 0.0331946055072
199.0 -0.0363826553797
200.0 -0.0708922367875
201.0 -0.05772348134
202.0 0.0724822265319
203.0 -0.0186610860998
204.0 -0.0159440983147
205.0 -0.0176591169262
206.0 -0.00410198978414
207.0 -0.0318607573248
208.0 -0.06000789656
209.0 -0.0593926850042
210.0 -0.0491595626597
211.0 -0.0179086780215
212.0 -0.0716083902192
213.0 -0.0426191995669
214.0 -0.0150692687239
215.0 0.0338867961073
216.0 0.00474588224193
217.0 -0.0356235426749
218.0 -0.00176828314382
219.0 -0.0569072551508
220.0 0.020422788777
221.0 -0.0226081245173
222.0 -0.0139170662541
223.0 0.0390712105824
224.0 -0.00694102660247
225.0 -0.0403426064111
226.0 -0.026454221059
227.0 0.021062583963
228.0 0.0342313394105
229.0 -0.00685771541096
230.0 -0.00519161574048
231.0 -0.00490766239474
232.0 -0.0242593250179
233.0 -0.0192235297623
234.0 -0.00190833534058
235.0 -0.0307751044804
236.0 -0.0100331009891
237.0 -0.00494019224896
238.0 -0.00570712701791
239.0 -0.00763917687053
240.0 -0.0179783316406
241.0 -0.000274765524314
242.0 0.0111805853884
243.0 -0.00850233544488
244.0 0.0113601203853
245.0 0.0375279049036
246.0 -0.00107100199401
247.0 -0.00366556826675
248.0 -0.00935568539906
249.0 -0.00591906770928
250.0 0.00100147253462
251.0 -0.00435738638762
252.0 0.0211478817105
253.0 -0.00694214404021
254.0 -0.00560730257979
255.0 -0.00289031479463
256.0 -0.0106822081563
257.0 0.000773142756396
258.0 -0.00154727879078
259.0 0.0175955471348
260.0 -0.0179078089032
261.0 0.0187688567619
262.0 -0.00550598822469
263.0 -0.00837469922301
264.0 0.00788960708406
265.0 -0.0027236924116
266.0 0.0133235826544
267.0 -0.00707896808349
268.0 0.00371386640908
269.0 -0.00308425232241
270.0 -0.00844311124465
271.0 0.00505690241292
272.0 -0.00102158641394
273.0 -0.00283940929758
274.0 0.00363564576727
275.0 0.00181782288364
