0.0 1.41775239454e-30
0.0192307692308 46.6504196832
0.0384615384615 39.6853627321
0.0576923076923 40.3230347192
0.0769230769231 29.2188181135
0.0961538461538 25.1852820011
0.115384615385 23.0276661211
0.134615384615 37.100608833
0.153846153846 32.0478893414
0.173076923077 21.1629177893
0.192307692308 17.4257805053
0.211538461538 24.6080465663
0.230769230769 26.6655535169
0.25 17.347826087
0.269230769231 28.810914172
0.288461538462 16.8695166794
0.307692307692 22.4443669343
0.326923076923 12.6250889687
0.346153846154 16.0289911999
0.365384615385 17.794688528
0.384615384615 16.1915052208
0.403846153846 13.4102258593
0.423076923077 17.4560678782
0.442307692308 16.7621624783
0.461538461538 20.9970842644
0.480769230769 15.9427905028
-0.5 27.6956521739
-0.480769230769 15.9427905028
-0.461538461538 20.9970842644
-0.442307692308 16.7621624783
-0.423076923077 17.4560678782
-0.403846153846 13.4102258593
-0.384615384615 16.1915052208
-0.365384615385 17.794688528
-0.346153846154 16.0289911999
-0.326923076923 12.6250889687
-0.307692307692 22.4443669343
-0.288461538462 16.8695166794
-0.269230769231 28.810914172
-0.25 17.347826087
-0.230769230769 26.6655535169
-0.211538461538 24.6080465663
-0.192307692308 17.4257805053
-0.173076923077 21.1629177893
-0.153846153846 32.0478893414
-0.134615384615 37.100608833
-0.115384615385 23.0276661211
-0.0961538461538 25.1852820011
-0.0769230769231 29.2188181135
-0.0576923076923 40.3230347192
-0.0384615384615 39.6853627321
-0.0192307692308 46.6504196832
