0 1.0
1 0.0640026942833
2 0.0264832620587
3 0.012677690218
4 0.00688121025495
5 0.0109592160454
6 0.0108705010456
7 0.0069174208907
8 0.0330841994341
9 0.0175614239873
10 0.0179262954875
11 0.0167222041985
12 0.0151328195837
13 0.0103005852295
14 0.0174023238763
15 0.0117381633353
16 0.00257917860532
17 0.000857662441853
18 -0.00193617193954
19 0.010355454621
20 -0.0118899020613
21 -0.00221533922789
22 0.0167234645637
23 0.00748159335488
24 0.0231985470925
25 -0.00525832772171
26 0.00434196255035
27 0.00686295676809
28 0.00445557555675
29 -0.000130122384221
30 -0.0119854128339
31 -0.0150325446145
32 0.00069284843636
33 -0.0102724607362
34 0.012813467988
35 -0.00992514511361
36 -0.000565616730911
37 0.0024377448455
38 0.00259930338519
39 0.00815787301947
40 -0.0115036788206
41 -0.00983628091628
42 0.00256847076667
43 0.00209070374159
44 -0.0122624501394
45 0.0269054921276
46 -0.000417045145923
47 -0.0078771848503
48 -0.00856378602478
49 0.00702370143392
50 -0.00957946169947
51 -0.00507486280183
52 0.00510659186458
53 -0.00197925090485
54 0.0163529326795
55 -0.000482854992089
56 0.00660530383617
57 0.00372342879759
58 -0.000497830188312
59 -0.00650334719381
60 0.0127807361768
61 -0.0108780511953
62 0.0195130345923
63 0.00313281566134
64 -0.00432350808686
65 -0.00554014049001
66 -0.0183217045951
67 -0.0030238287844
68 -0.00612942916383
69 -0.00997001049429
70 0.0084749338306
71 0.00391714127398
72 -0.0214071188691
73 -0.0108034785211
74 0.00273366322097
75 -0.0174823661625
76 -0.0119486180589
77 -0.00988759538971
78 0.00476915602831
79 -0.00951257779773
80 -0.0155589048732
81 -0.00176771186184
82 -0.00384605870892
83 -0.0176223423462
84 -0.00734356371419
85 -0.000877183183326
86 -0.000476425637386
87 -0.0129192721661
88 -0.00563882898868
89 -0.00739987626249
90 -0.00334594299398
91 0.00294522900033
92 -0.0174172922344
93 -0.00517303461046
94 -0.00770093764649
95 -0.0106686946771
96 -0.00116908514631
97 0.00206611658869
98 0.00732726713517
99 -0.00770532833555
100 -0.00731755458328
101 0.00762611985499
102 0.00314282396391
103 -0.00545217176056
104 -0.00299049136089
105 -0.0196498365378
106 -0.00298233818278
107 -0.0210037308373
108 -0.0174028037311
109 -0.0116059269323
110 0.00651127953543
111 0.00318295191259
112 -0.000968951202409
113 -0.00245610132687
114 -0.00492433508705
115 0.00183377979389
116 0.00534517164906
117 -0.0140808462396
118 -0.00758268256783
119 -0.0184892226496
120 -0.00227734354084
121 -0.0191352423381
122 -0.0258487542557
123 0.000515370564162
124 -0.00272460932612
125 -0.00575865667747
126 -0.00210025613153
127 -0.0129559814264
128 -0.0153597530743
129 -0.0190918578844
130 0.00575603558623
131 -0.00828838441379
132 -0.000428376877414
133 0.00412911498544
134 -0.0115840223123
135 -0.0145676310663
136 -0.0232906824413
137 -0.00311617800468
138 -0.00694007328367
139 -0.0125524195497
140 0.000290815930805
141 0.000228681672961
142 -0.0112570249693
143 -0.00805140511548
144 -0.00856846690568
145 -0.00525635863278
146 -0.00808646157318
147 0.00057400967198
148 0.00350120869346
149 0.00143008852129
150 -0.0041615340458
151 -7.11018619075e-05
152 0.00105503947868
153 -0.0113721644685
154 -0.0103532111433
155 -0.00936535894505
156 0.0106072835079
157 -0.0165883650355
158 0.01671711059
159 -0.00308262389277
160 0.0104978735
161 0.00437058965838
162 -0.00525361789103
163 0.0168020219333
164 -0.00406006312296
165 -0.0170266469217
166 -0.0121352092977
167 -0.00451387568893
168 -0.00930444603992
169 -0.00574941549195
170 -0.00846731357506
171 -0.0156356575222
172 -0.00942072632775
173 -0.00450345646445
174 -0.0083059431232
175 0.00107213645594
176 -0.00472214763839
177 0.00895732816376
178 -0.0120987313851
179 -0.00721485303699
180 -0.00315045242828
181 -0.00553754371913
182 -0.00702890904518
183 -0.00793482073888
184 0.0110875381219
185 0.00299419141477
186 -0.00241149440281
187 0.00248682068588
188 -0.00340188280691
189 -0.0122687783652
190 0.024069470509
191 -0.00953487642137
192 -0.0105598746176
193 -0.0124546534333
194 -0.00461016331901
195 -0.0077748069221
196 -0.00206133090402
197 -0.00843735639021
198 -0.00626606733093
199 -0.00723986909154
200 0.00511607946886
201 0.00213571239865
202 -0.00230328432725
203 -0.00187461704827
204 0.00247581558313
205 -0.00562432067767
206 -0.00536715254175
207 -0.00130605851674
208 -0.00613933256854
209 -0.0069882303402
210 -0.00105850511705
211 -0.00569088458081
212 -0.00509472271337
213 0.00992544192042
214 -0.00175417701495
215 -0.000779199228811
216 0.00072095767241
217 -0.0067993744235
218 -0.005446339404
219 0.00705193064757
220 -0.0078080815305
221 -0.00416648936017
222 -0.00190860572879
223 -0.00420297327657
224 0.00216642177766
225 -0.000727651934607
226 0.00081068337998
227 -0.000900397346578
228 -0.00697458983989
229 0.00331756228398
230 -0.00252238146232
231 -0.00126794024482
232 -0.00247464847603
233 -0.00552521266962
234 0.000841344045074
235 -0.00525804955516
236 0.00288922744237
237 0.00754918663773
238 -0.00154923748641
239 0.00250996944099
240 -0.000402285601094
241 0.00379738726294
242 -0.000774268021455
243 0.000202694241964
244 -0.00413884073842
245 -0.0018514010245
246 0.00702463070511
247 -0.0052154189387
248 0.0045691404778
249 0.00634932360433
250 -0.00502749161087
251 -0.00361506913015
252 -0.00510684253747
253 0.000738734840046
254 -0.00531113099531
255 -0.00473941425167
256 -0.00541027856436
257 -0.00229173894318
258 0.00231020217571
259 -0.00227696478054
260 -0.00143650393145
261 0.00199316637522
262 -0.00307132035773
263 7.24998964726e-05
264 -0.0019871349168
265 -0.00330426966943
266 0.000905642410778
267 -0.00067662567111
268 0.000565361140768
269 0.00155679669648
270 -0.00490404623463
271 0.000866275082943
272 0.00552764954595
273 0.0079510462405
274 0.00257106660706
275 0.00331874046236
276 0.00413217289017
277 -0.00340946428639
278 0.00329470206601
279 0.00479010660675
280 -0.00138259901869
281 0.01184489912
282 -0.00380134518503
283 -0.00182616762186
284 0.00371743532089
285 -0.00223294935161
286 -0.00405631300804
287 0.000247124591498
288 -0.00111637948269
289 0.00174767073926
290 -0.00421921866517
291 0.00915820448811
292 -0.00398639063132
293 0.00569165751932
294 0.000888558436776
295 -0.00197796170795
296 0.00604423037531
297 -0.00358551809665
298 -0.00091045330834
299 -0.00360645017998
300 -0.00370859440889
301 0.0022894205447
302 0.00165201484277
303 -0.00328104726054
304 -0.00258787227435
305 -0.00247665746366
306 -0.00133653092931
307 0.000561093236444
308 -0.000662513312572
309 0.00185412315089
310 0.000575361553599
311 0.00195379121674
312 -0.00249047071735
313 -0.000110014755982
314 -0.00188545190709
315 0.00290870207456
316 -0.00265846044869
317 -0.000914447718859
318 -0.00273852530404
319 -0.000938419634443
320 -0.00251549854379
321 -0.002522462692
322 0.000246445378774
323 -0.00170185580889
324 -0.00214717073336
325 -0.0021815918145
326 -0.0016122865174
327 -0.00171443074632
328 0.000456675789384
329 -0.00220987228114
330 0.00188584658014
331 0.000550284083691
332 -0.00182511090985
333 -0.00243988228276
334 -0.00254202651168
335 -0.000386243784384
336 -0.000400211719499
337 -0.00238901575371
338 -0.00201851158794
339 -0.00203247952306
340 -0.00179764431165
341 -0.001624645831
342 -0.00167069712015
343 -0.00164826180503
344 -0.00162618243146
345 -0.00161199348216
346 -0.00128251392634
347 -0.00118014868323
348 -0.000913993574283
349 0.00205243217653
350 -0.000775349722553
351 -0.000877493951471
352 0.0014230282499
353 -0.000307603441027
354 -0.000285168125906
355 -0.000831808836106
356 -0.000693076273503
357 -5.77517224932e-05
358 -0.000608177639417
359 -0.000654228928567
360 -0.000427559541175
361 -0.000156280335546
362 -4.81427868826e-05
363 -9.41940760325e-05
364 -0.000196338304951
