0.0 4.41228875537e-30
0.0027397260274 45.6978569318
0.00547945205479 40.3266090777
0.00821917808219 39.8913733501
0.0109589041096 29.6924953954
0.013698630137 25.9791871204
0.0164383561644 24.4054408403
0.0191780821918 34.0578478266
0.0219178082192 31.8306602895
0.0246575342466 19.1754105273
0.027397260274 18.7906203092
0.0301369863014 22.6499635068
0.0328767123288 25.1643889778
0.0356164383562 19.2550159419
0.0383561643836 26.3330843114
0.041095890411 20.7262530025
0.0438356164384 29.130821502
0.0465753424658 16.8815852184
0.0493150684932 17.9354007023
0.0520547945205 23.6491853669
0.0547945205479 25.2701102235
0.0575342465753 15.1502654071
0.0602739726027 18.9004437171
0.0630136986301 22.4859415913
0.0657534246575 14.5854183886
0.0684931506849 29.2692234643
0.0712328767123 24.2247725027
0.0739726027397 26.7393458528
0.0767123287671 26.3824407431
0.0794520547945 31.609125997
0.0821917808219 24.1964140042
0.0849315068493 27.2921175203
0.0876712328767 26.9488844388
0.0904109589041 24.4095782742
0.0931506849315 21.9005645633
0.0958904109589 17.3275270058
0.0986301369863 26.0508687208
0.101369863014 20.2707724146
0.104109589041 18.6959980932
0.106849315068 25.3844606353
0.109589041096 18.5673504307
0.112328767123 28.8478550792
0.115068493151 25.6238747989
0.117808219178 18.1096429515
0.120547945205 20.1754788732
0.123287671233 18.1262448009
0.12602739726 20.3895642453
0.128767123288 23.4562948743
0.131506849315 21.0576727441
0.134246575342 21.928789214
0.13698630137 22.4860455874
0.139726027397 17.039525624
0.142465753425 26.7579240097
0.145205479452 23.0527920045
0.147945205479 14.7132023503
0.150684931507 15.8323986611
0.153424657534 25.3102234531
0.156164383562 22.3303395901
0.158904109589 19.8867964859
0.161643835616 17.8873234934
0.164383561644 18.616315888
0.167123287671 17.5211293486
0.169863013699 12.8864807488
0.172602739726 19.3217473793
0.175342465753 25.8850117015
0.178082191781 26.0049029914
0.180821917808 12.6815274608
0.183561643836 21.3614793252
0.186301369863 18.9875751784
0.18904109589 18.9647920375
0.191780821918 12.7887038623
0.194520547945 14.5542056258
0.197260273973 19.920215364
0.2 22.0953693698
0.202739726027 19.1665295051
0.205479452055 21.1753722558
0.208219178082 20.1264839464
0.21095890411 21.2536537848
0.213698630137 16.8882877814
0.216438356164 23.1790450273
0.219178082192 26.651045505
0.221917808219 22.4675555105
0.224657534247 24.3108861025
0.227397260274 15.246102654
0.230136986301 16.1501913851
0.232876712329 23.1425574429
0.235616438356 19.491874917
0.238356164384 16.3572362797
0.241095890411 22.3250385494
0.243835616438 24.2186545328
0.246575342466 18.0761689489
0.249315068493 21.937529181
0.252054794521 18.3631488448
0.254794520548 20.7337398782
0.257534246575 23.3799559876
0.260273972603 20.7116170849
0.26301369863 17.2938971442
0.265753424658 19.4327211564
0.268493150685 26.5458470718
0.271232876712 16.7943009391
0.27397260274 15.6807772644
0.276712328767 20.8122997295
0.279452054795 11.7296259965
0.282191780822 27.1496898205
0.284931506849 28.06636248
0.287671232877 17.3259828812
0.290410958904 19.0796825377
0.293150684932 16.9663466889
0.295890410959 15.3073139192
0.298630136986 17.2480803026
0.301369863014 16.1685781345
0.304109589041 14.3493815456
0.306849315068 17.4407000285
0.309589041096 25.0011671911
0.312328767123 16.3819942156
0.315068493151 16.3039598462
0.317808219178 14.8865247573
0.320547945205 17.0832893391
0.323287671233 15.3750362693
0.32602739726 15.7075180216
0.328767123288 23.9816100211
0.331506849315 18.5681036344
0.334246575342 21.9115232739
0.33698630137 22.5556849751
0.339726027397 13.6952994844
0.342465753425 18.737079183
0.345205479452 11.5346101503
0.347945205479 21.593689769
0.350684931507 12.4271227705
0.353424657534 17.8484083816
0.356164383562 17.9380138729
0.358904109589 11.9037777026
0.361643835616 17.6887016342
0.364383561644 14.9490040846
0.367123287671 18.9925320548
0.369863013699 19.8241057115
0.372602739726 24.3240504524
0.375342465753 22.984627194
0.378082191781 21.2616307979
0.380821917808 16.2632991513
0.383561643836 21.8027338157
0.386301369863 14.6524233266
0.38904109589 13.8750590167
0.391780821918 13.6641183813
0.394520547945 17.5939382951
0.397260273973 17.0736681556
0.4 17.8176741085
0.402739726027 13.6049564332
0.405479452055 22.2474579775
0.408219178082 15.7448240552
0.41095890411 16.505620081
0.413698630137 15.1437663781
0.416438356164 22.7510656075
0.419178082192 18.5712440432
0.421917808219 22.94564206
0.424657534247 17.0131026233
0.427397260274 14.8702007941
0.430136986301 19.7154335043
0.432876712329 14.6791495172
0.435616438356 15.9476339111
0.438356164384 13.2005636004
0.441095890411 15.7690125982
0.443835616438 16.4733321779
0.446575342466 17.047131837
0.449315068493 17.2276445913
0.452054794521 13.3699875755
0.454794520548 11.8248532992
0.457534246575 12.2589747587
0.460273972603 19.0487205202
0.46301369863 25.6989570382
0.465753424658 17.5614074026
0.468493150685 21.978993085
0.471232876712 13.9106484801
0.47397260274 20.7696634641
0.476712328767 11.1452380144
0.479452054795 14.8541506843
0.482191780822 16.4443486986
0.484931506849 22.8491744233
0.487671232877 17.6504658285
0.490410958904 18.8773009371
0.493150684932 21.485817949
0.495890410959 15.4097616709
0.498630136986 18.4473302422
-0.498630136986 18.4473302422
-0.495890410959 15.4097616709
-0.493150684932 21.485817949
-0.490410958904 18.8773009371
-0.487671232877 17.6504658285
-0.484931506849 22.8491744233
-0.482191780822 16.4443486986
-0.479452054795 14.8541506843
-0.476712328767 11.1452380144
-0.47397260274 20.7696634641
-0.471232876712 13.9106484801
-0.468493150685 21.978993085
-0.465753424658 17.5614074026
-0.46301369863 25.6989570382
-0.460273972603 19.0487205202
-0.457534246575 12.2589747587
-0.454794520548 11.8248532992
-0.452054794521 13.3699875755
-0.449315068493 17.2276445913
-0.446575342466 17.047131837
-0.443835616438 16.4733321779
-0.441095890411 15.7690125982
-0.438356164384 13.2005636004
-0.435616438356 15.9476339111
-0.432876712329 14.6791495172
-0.430136986301 19.7154335043
-0.427397260274 14.8702007941
-0.424657534247 17.0131026233
-0.421917808219 22.94564206
-0.419178082192 18.5712440432
-0.416438356164 22.7510656075
-0.413698630137 15.1437663781
-0.41095890411 16.505620081
-0.408219178082 15.7448240552
-0.405479452055 22.2474579775
-0.402739726027 13.6049564332
-0.4 17.8176741085
-0.397260273973 17.0736681556
-0.394520547945 17.5939382951
-0.391780821918 13.6641183813
-0.38904109589 13.8750590167
-0.386301369863 14.6524233266
-0.383561643836 21.8027338157
-0.380821917808 16.2632991513
-0.378082191781 21.2616307979
-0.375342465753 22.984627194
-0.372602739726 24.3240504524
-0.369863013699 19.8241057115
-0.367123287671 18.9925320548
-0.364383561644 14.9490040846
-0.361643835616 17.6887016342
-0.358904109589 11.9037777026
-0.356164383562 17.9380138729
-0.353424657534 17.8484083816
-0.350684931507 12.4271227705
-0.347945205479 21.593689769
-0.345205479452 11.5346101503
-0.342465753425 18.737079183
-0.339726027397 13.6952994844
-0.33698630137 22.5556849751
-0.334246575342 21.9115232739
-0.331506849315 18.5681036344
-0.328767123288 23.9816100211
-0.32602739726 15.7075180216
-0.323287671233 15.3750362693
-0.320547945205 17.0832893391
-0.317808219178 14.8865247573
-0.315068493151 16.3039598462
-0.312328767123 16.3819942156
-0.309589041096 25.0011671911
-0.306849315068 17.4407000285
-0.304109589041 14.3493815456
-0.301369863014 16.1685781345
-0.298630136986 17.2480803026
-0.295890410959 15.3073139192
-0.293150684932 16.9663466889
-0.290410958904 19.0796825377
-0.287671232877 17.3259828812
-0.284931506849 28.06636248
-0.282191780822 27.1496898205
-0.279452054795 11.7296259965
-0.276712328767 20.8122997295
-0.27397260274 15.6807772644
-0.271232876712 16.7943009391
-0.268493150685 26.5458470718
-0.265753424658 19.4327211564
-0.26301369863 17.2938971442
-0.260273972603 20.7116170849
-0.257534246575 23.3799559876
-0.254794520548 20.7337398782
-0.252054794521 18.3631488448
-0.249315068493 21.937529181
-0.246575342466 18.0761689489
-0.243835616438 24.2186545328
-0.241095890411 22.3250385494
-0.238356164384 16.3572362797
-0.235616438356 19.491874917
-0.232876712329 23.1425574429
-0.230136986301 16.1501913851
-0.227397260274 15.246102654
-0.224657534247 24.3108861025
-0.221917808219 22.4675555105
-0.219178082192 26.651045505
-0.216438356164 23.1790450273
-0.213698630137 16.8882877814
-0.21095890411 21.2536537848
-0.208219178082 20.1264839464
-0.205479452055 21.1753722558
-0.202739726027 19.1665295051
-0.2 22.0953693698
-0.197260273973 19.920215364
-0.194520547945 14.5542056258
-0.191780821918 12.7887038623
-0.18904109589 18.9647920375
-0.186301369863 18.9875751784
-0.183561643836 21.3614793252
-0.180821917808 12.6815274608
-0.178082191781 26.0049029914
-0.175342465753 25.8850117015
-0.172602739726 19.3217473793
-0.169863013699 12.8864807488
-0.167123287671 17.5211293486
-0.164383561644 18.616315888
-0.161643835616 17.8873234934
-0.158904109589 19.8867964859
-0.156164383562 22.3303395901
-0.153424657534 25.3102234531
-0.150684931507 15.8323986611
-0.147945205479 14.7132023503
-0.145205479452 23.0527920045
-0.142465753425 26.7579240097
-0.139726027397 17.039525624
-0.13698630137 22.4860455874
-0.134246575342 21.928789214
-0.131506849315 21.0576727441
-0.128767123288 23.4562948743
-0.12602739726 20.3895642453
-0.123287671233 18.1262448009
-0.120547945205 20.1754788732
-0.117808219178 18.1096429515
-0.115068493151 25.6238747989
-0.112328767123 28.8478550792
-0.109589041096 18.5673504307
-0.106849315068 25.3844606353
-0.104109589041 18.6959980932
-0.101369863014 20.2707724146
-0.0986301369863 26.0508687208
-0.0958904109589 17.3275270058
-0.0931506849315 21.9005645633
-0.0904109589041 24.4095782742
-0.0876712328767 26.9488844388
-0.0849315068493 27.2921175203
-0.0821917808219 24.1964140042
-0.0794520547945 31.609125997
-0.0767123287671 26.3824407431
-0.0739726027397 26.7393458528
-0.0712328767123 24.2247725027
-0.0684931506849 29.2692234643
-0.0657534246575 14.5854183886
-0.0630136986301 22.4859415913
-0.0602739726027 18.9004437171
-0.0575342465753 15.1502654071
-0.0547945205479 25.2701102235
-0.0520547945205 23.6491853669
-0.0493150684932 17.9354007023
-0.0465753424658 16.8815852184
-0.0438356164384 29.130821502
-0.041095890411 20.7262530025
-0.0383561643836 26.3330843114
-0.0356164383562 19.2550159419
-0.0328767123288 25.1643889778
-0.0301369863014 22.6499635068
-0.027397260274 18.7906203092
-0.0246575342466 19.1754105273
-0.0219178082192 31.8306602895
-0.0191780821918 34.0578478266
-0.0164383561644 24.4054408403
-0.013698630137 25.9791871204
-0.0109589041096 29.6924953954
-0.00821917808219 39.8913733501
-0.00547945205479 40.3266090777
-0.0027397260274 45.6978569318
