0 1.0
1 0.15481780099
2 0.0722286929122
3 -0.00516655362683
4 0.0285905701834
5 -0.00113894263992
6 -0.0128064240797
7 -0.00825941611118
8 0.0395282104418
9 -0.0118727887297
10 -0.0314518995809
11 -0.0467763287447
12 -0.0288444336504
13 -0.0418808966206
14 -0.00625496455357
15 -0.0461903854272
16 -0.0414273761276
17 -0.0638483803669
18 -0.0247496568747
19 -0.0511524681486
20 -0.0368413109707
21 -0.0391709768674
22 0.00244654027312
23 0.00110203378246
24 -0.0487147507825
25 -0.0485516859799
26 -0.0109896363829
27 -0.0288740162497
28 -0.0149030456244
29 -0.0326555023327
30 -0.010797571053
31 -0.023985660251
32 -0.0141918240849
33 -0.0202149493766
34 0.0103287987695
35 -0.00922655506561
36 -0.00720308624457
37 -0.0182352957934
38 0.00638315824138
39 0.0158932911874
40 0.00455373531884
41 -0.00222800842712
42 -0.00886228959619
43 -0.0152623782975
44 -0.00344198040675
45 -0.00354302961203
46 -0.00233138991521
47 0.0029268718364
48 -0.00856491300308
49 -0.00646213249668
50 -0.0027781703406
51 0.00105137050028
