3.750000000000000000e+00
0.000000000000000000e+00
0.000000000000000000e+00
3.669999999999999929e+00
3.699999999999999956e-01
3.330000000000000071e+00
1.419999999999999929e+00
0.000000000000000000e+00
0.000000000000000000e+00
1.300000000000000044e-01
8.080000000000000071e+00
0.000000000000000000e+00
1.075000000000000000e+01
3.250000000000000000e+00
0.000000000000000000e+00
4.400000000000000000e+01
5.849999999999999645e+00
3.629999999999999893e+00
1.129999999999999893e+00
7.200000000000000000e+01
3.970000000000000195e+00
7.120000000000000107e+00
3.720000000000000195e+00
1.267999999999999972e+01
6.199999999999999956e-01
8.900000000000000000e+01
6.454999999999999716e+01
0.000000000000000000e+00
0.000000000000000000e+00
1.280000000000000027e+00
3.169999999999999929e+00
7.200000000000000000e+01
0.000000000000000000e+00
0.000000000000000000e+00
1.700000000000000000e+01
4.580000000000000071e+00
0.000000000000000000e+00
0.000000000000000000e+00
1.650000000000000000e+01
5.000000000000000000e+00
3.830000000000000071e+00
1.000000000000000000e+00
1.471200000000000045e+02
8.000000000000000000e+00
4.500000000000000000e+00
4.150000000000000355e+00
2.000000000000000000e+00
2.279999999999999805e+00
2.169999999999999929e+00
9.429999999999999716e+00
9.499999999999999556e-01
1.149999999999999911e+00
6.500000000000000000e+00
9.500000000000000000e+00
0.000000000000000000e+00
4.519999999999999574e+00
6.650000000000000355e+00
6.169999999999999929e+00
8.580000000000000071e+00
1.100000000000000000e+01
4.320000000000000284e+00
0.000000000000000000e+00
1.830000000000000071e+00
4.900000000000000355e+00
8.599999999999999645e+00
6.330000000000000071e+00
3.325000000000000000e+01
2.919999999999999929e+00
2.279999999999999805e+00
5.179999999999999716e+00
7.750000000000000000e+00
0.000000000000000000e+00
0.000000000000000000e+00
1.500000000000000000e+00
0.000000000000000000e+00
2.729999999999999982e+00
1.500000000000000000e+00
1.550000000000000044e+00
1.500000000000000000e+00
3.800000000000000044e-01
6.000000000000000000e+00
8.699999999999999956e-01
1.308000000000000114e+02
1.179999999999999938e+00
7.929999999999999716e+00
3.169999999999999929e+00
0.000000000000000000e+00
1.409999999999999964e+01
1.129999999999999893e+00
7.000000000000000666e-02
2.680000000000000160e+00
5.169999999999999929e+00
1.580000000000000071e+00
0.000000000000000000e+00
1.499999999999999944e-01
7.199999999999999734e-01
2.149999999999999911e+00
3.300000000000000155e-01
9.000000000000000222e-01
7.875000000000000000e+01
8.250000000000000000e+00
1.682199999999999989e+02
4.750000000000000000e+00
0.000000000000000000e+00
2.500000000000000000e-01
1.969999999999999973e+00
9.600000000000000000e+01
2.250000000000000000e+00
1.750000000000000000e+00
3.120000000000000000e+02
0.000000000000000000e+00
0.000000000000000000e+00
1.080000000000000000e+02
0.000000000000000000e+00
6.999999999999999556e-01
4.699999999999999734e-01
0.000000000000000000e+00
5.699999999999999512e-01
0.000000000000000000e+00
0.000000000000000000e+00
2.500000000000000000e+00
0.000000000000000000e+00
1.200000000000000000e+02
0.000000000000000000e+00
0.000000000000000000e+00
1.030000000000000027e+00
0.000000000000000000e+00
5.300000000000000266e-01
0.000000000000000000e+00
0.000000000000000000e+00
0.000000000000000000e+00
0.000000000000000000e+00
1.920000000000000000e+02
1.250000000000000000e+00
1.350000000000000089e+00
1.479999999999999982e+00
0.000000000000000000e+00
4.800000000000000000e+01
6.030000000000000249e+00
0.000000000000000000e+00
0.000000000000000000e+00
0.000000000000000000e+00
0.000000000000000000e+00
0.000000000000000000e+00
0.000000000000000000e+00
1.979999999999999982e+00
3.150000000000000000e+01
0.000000000000000000e+00
5.099999999999999645e+00
1.580000000000000071e+00
7.599999999999999645e+00
2.049999999999999822e+00
8.800000000000000044e-01
3.360000000000000000e+02
7.730000000000000426e+00
1.100000000000000089e+00
4.199999999999999845e-01
1.215000000000000036e+01
6.870000000000000107e+00
5.519999999999999574e+00
8.419999999999999929e+00
3.430000000000000160e+00
1.125000000000000000e+01
1.269999999999999929e+01
4.780000000000000249e+00
3.830000000000000071e+00
9.000000000000000222e-01
2.629999999999999893e+00
5.879999999999999893e+00
7.500000000000000000e-01
1.520000000000000018e+00
0.000000000000000000e+00
1.350000000000000000e+02
5.000000000000000000e+00
5.761999999999999744e+01
0.000000000000000000e+00
2.049999999999999822e+00
1.300000000000000044e+00
5.300000000000000266e-01
7.000000000000000000e+00
6.500000000000000000e+00
2.379999999999999893e+00
0.000000000000000000e+00
0.000000000000000000e+00
1.000000000000000000e+00
1.070000000000000062e+00
8.000000000000000444e-01
0.000000000000000000e+00
0.000000000000000000e+00
4.800000000000000000e+01
1.030000000000000027e+00
1.460000000000000000e+02
1.357000000000000028e+01
2.000000000000000042e-02
1.850000000000000089e+00
0.000000000000000000e+00
5.000000000000000000e-01
1.000000000000000000e+00
6.500000000000000222e-01
5.200000000000000000e+01
3.600000000000000000e+01
9.600000000000000000e+01
8.070000000000000284e+00
2.330000000000000071e+00
3.200000000000000000e+01
1.080000000000000000e+02
9.000000000000000000e+00
2.225000000000000000e+01
9.265000000000000568e+01
4.150000000000000355e+00
4.800000000000000000e+01
5.570000000000000284e+00
2.200000000000000011e-01
3.300000000000000155e-01
2.799999999999999822e+00
0.000000000000000000e+00
4.379999999999999893e+00
5.929999999999999716e+00
3.000000000000000000e+00
5.000000000000000278e-02
0.000000000000000000e+00
1.280000000000000027e+00
3.699999999999999956e-01
5.250000000000000000e+00
8.000000000000000167e-02
8.000000000000000000e+00
5.347999999999999687e+01
3.499999999999999778e-01
8.000000000000000000e+00
0.000000000000000000e+00
0.000000000000000000e+00
5.000000000000000278e-02
2.250000000000000000e+00
0.000000000000000000e+00
4.299999999999999933e-01
2.270000000000000018e+00
1.770000000000000018e+00
9.499999999999999556e-01
0.000000000000000000e+00
0.000000000000000000e+00
5.000000000000000278e-02
2.629999999999999893e+00
2.779999999999999805e+00
1.199999999999999956e-01
8.230000000000000426e+00
0.000000000000000000e+00
3.699999999999999956e-01
2.500000000000000000e-01
1.799999999999999933e-01
8.299999999999999600e-01
5.799999999999999600e-01
1.300000000000000044e+00
3.499999999999999778e-01
1.280000000000000027e+00
0.000000000000000000e+00
0.000000000000000000e+00
0.000000000000000000e+00
7.000000000000000666e-02
8.000000000000000000e+00
0.000000000000000000e+00
3.600000000000000000e+01
2.770000000000000018e+00
8.199999999999999512e-01
5.879999999999999893e+00
0.000000000000000000e+00
7.700000000000000178e-01
7.530000000000000249e+00
0.000000000000000000e+00
0.000000000000000000e+00
5.000000000000000000e+00
0.000000000000000000e+00
0.000000000000000000e+00
1.700000000000000122e-01
3.200000000000000067e-01
0.000000000000000000e+00
0.000000000000000000e+00
0.000000000000000000e+00
0.000000000000000000e+00
0.000000000000000000e+00
0.000000000000000000e+00
0.000000000000000000e+00
0.000000000000000000e+00
0.000000000000000000e+00
0.000000000000000000e+00
0.000000000000000000e+00
0.000000000000000000e+00
8.000000000000000000e+00
4.299999999999999933e-01
0.000000000000000000e+00
1.500000000000000000e+01
7.800000000000000266e-01
0.000000000000000000e+00
0.000000000000000000e+00
0.000000000000000000e+00
0.000000000000000000e+00
0.000000000000000000e+00
0.000000000000000000e+00
0.000000000000000000e+00
0.000000000000000000e+00
0.000000000000000000e+00
0.000000000000000000e+00
0.000000000000000000e+00
0.000000000000000000e+00
0.000000000000000000e+00
0.000000000000000000e+00
0.000000000000000000e+00
0.000000000000000000e+00
0.000000000000000000e+00
0.000000000000000000e+00
0.000000000000000000e+00
1.969999999999999973e+00
4.830000000000000071e+00
0.000000000000000000e+00
1.111999999999999922e+01
1.000000000000000000e+00
5.849999999999999645e+00
5.200000000000000000e+01
4.500000000000000000e+01
1.150000000000000000e+01
1.000000000000000056e-01
4.000000000000000000e+01
0.000000000000000000e+00
9.799999999999999822e-01
8.800000000000000044e-01
0.000000000000000000e+00
6.199999999999999956e-01
2.550000000000000000e+01
0.000000000000000000e+00
6.200000000000000000e+01
0.000000000000000000e+00
0.000000000000000000e+00
0.000000000000000000e+00
0.000000000000000000e+00
0.000000000000000000e+00
0.000000000000000000e+00
2.000000000000000042e-02
9.799999999999999822e-01
2.600000000000000089e+00
0.000000000000000000e+00
8.000000000000000167e-02
2.979999999999999982e+00
7.000000000000000666e-02
7.299999999999999822e-01
1.580000000000000071e+00
0.000000000000000000e+00
2.200000000000000011e-01
0.000000000000000000e+00
0.000000000000000000e+00
5.714999999999999858e+01
1.500000000000000000e+01
0.000000000000000000e+00
0.000000000000000000e+00
4.500000000000000000e+01
1.050000000000000044e+00
0.000000000000000000e+00
7.625000000000000000e+01
3.580000000000000071e+00
5.000000000000000278e-02
0.000000000000000000e+00
0.000000000000000000e+00
2.581999999999999886e+02
5.000000000000000000e+01
0.000000000000000000e+00
