0 0
1 0
2 2
3 0
4 0
5 3
6 0
7 3
8 0
9 0
10 0
11 0
12 7
13 0
14 1
15 1
16 1
17 0
18 1
19 0
20 1
21 0
22 0
23 0
24 0
25 0
26 0
27 0
28 0
29 2
30 0
31 0
32 0
33 0
34 1
35 1
36 0
37 3
38 0
39 0
40 0
41 1
42 6
43 4
44 0
45 0
46 0
47 1
48 2
49 1
50 1
51 2
52 0
53 5
54 0
55 12
56 0
57 0
58 2
59 1
60 0
61 0
62 2
63 0
64 0
65 3
66 6
67 1
68 1
69 0
70 1
71 10
72 0
73 0
74 1
75 2
76 1
77 4
78 3
79 3
80 3
81 0
82 0
83 0
84 3
85 0
86 4
87 1
88 2
89 0
90 2
91 1
92 0
93 1
94 0
95 0
96 1
97 0
98 0
99 0
100 0
101 2
102 1
103 1
104 0
105 2
106 0
107 0
108 0
109 1
110 0
111 1
112 1
113 0
114 3
115 0
116 0
117 1
118 3
119 0
120 2
121 2
122 2
123 2
124 1
125 1
126 0
127 0
128 0
129 0
130 1
131 0
132 0
133 2
134 0
135 2
136 2
137 0
138 1
139 0
140 0
141 2
142 0
143 0
144 0
145 0
146 0
147 0
148 8
149 0
150 0
151 2
152 1
153 2
154 1
155 0
156 1
157 0
158 1
159 1
160 1
161 4
162 2
163 2
164 0
165 1
166 0
167 3
168 2
169 0
170 2
171 0
172 0
173 0
174 0
175 0
176 0
177 0
178 0
179 0
180 3
181 2
182 1
183 0
184 3
185 1
186 6
187 3
188 1
189 1
190 1
191 1
192 1
193 0
194 1
195 0
196 3
197 2
198 4
199 5
200 2
201 1
202 0
203 1
204 3
205 1
206 1
207 2
208 0
209 5
210 8
211 2
212 1
213 1
214 1
215 0
216 0
217 1
218 4
219 1
220 0
221 0
222 5
223 3
224 1
225 2
226 2
227 2
228 1
229 1
230 0
231 1
232 4
233 1
234 3
235 11
236 5
237 0
238 3
239 6
240 4
241 1
242 0
243 2
244 2
245 0
246 2
247 1
248 0
249 1
250 2
251 0
252 0
253 0
254 1
255 0
256 2
257 7
258 3
259 2
260 1
261 1
262 0
263 0
264 2
265 0
266 1
267 0
268 1
269 2
270 2
271 3
272 0
273 4
274 0
275 0
