9.217128865568535723e-01
6.670281256001174830e-01
9.893754336640672165e-01
5.864482869346526739e-01
8.396066414392889810e-01
9.697519259120052082e-01
6.095714696870324634e-01
8.838309820920381421e-01
8.268140268411412475e-01
8.279952676671267220e-01
9.492128442025025148e-01
9.078924856955165046e-01
7.292305478639966587e-01
7.118148298508507610e-01
5.022520302185581320e-01
9.914316783028147562e-01
3.998561138799180958e-01
7.998452189269595891e-01
9.714728493105456719e-01
8.673612447598083586e-01
8.484319105861262145e-01
2.108135456482382875e-01
7.025028034891980244e-01
3.044530826852299144e-01
9.061316434317818747e-01
4.141606223706755241e-01
2.637679981181791922e-01
9.782958426573878929e-01
7.570164051876945299e-01
7.285160509382621052e-01
7.614218786394696403e-01
6.509695289271599794e-01
4.192068052221853414e-01
9.779251535115294214e-01
7.041932530544164903e-01
4.643555268731823782e-01
5.202567036363439090e-01
4.486134731176354418e-01
9.117595261829358755e-01
4.066628953069094665e-01
9.584625578053869166e-01
4.384795297143118664e-01
9.765960842253722518e-01
3.022003176496179666e-01
7.478314297952436407e-01
8.756082303938592659e-01
6.366361934346449480e-01
3.892994685761522189e-01
6.836488367511988073e-01
2.921684177447425035e-01
5.842132382156830506e-01
3.193579688079201118e-01
7.830855630221330577e-01
6.984215565488667288e-01
4.605457744792708641e-01
7.523792366263895026e-01
8.026595560358751325e-01
5.410399409268007442e-01
8.782243142833464633e-01
6.577666488434257275e-01
5.341606262170409680e-01
7.496404523371315021e-01
8.137289710490570593e-01
4.376335309848183863e-01
7.657807139800256735e-01
9.662098886529517650e-01
8.351073704433452649e-01
7.459546062059720928e-01
4.986423245192748155e-01
4.183700699212947183e-01
1.677367633879931486e-01
6.806752796580983755e-01
4.438916265627893543e-01
9.149409462939643856e-01
2.666186361418049766e-01
9.826839976080857797e-01
9.840301062138800958e-01
9.548867673468353079e-01
9.490124715867587213e-01
7.585057221504035718e-01
9.375841942765807957e-01
9.795823663265842418e-01
7.065531422448205756e-01
7.836677564212397584e-01
8.906859769845104635e-01
8.008160441239992045e-01
3.143577653711830955e-01
6.774434350910366609e-01
9.394545891372482194e-01
7.701815802251807952e-01
5.431492059285426555e-01
7.905037822435370121e-01
8.798604594349136443e-01
3.555563220286421244e-01
7.509529399300585162e-01
8.085930414584575621e-01
6.662943573197919189e-01
5.952838109767619734e-01
4.485082025931777516e-01
4.362151514080120362e-01
9.534792212343754514e-01
9.953579005269990176e-01
7.891155408772957403e-01
5.405202552311135777e-01
9.471944743388325261e-01
5.354648134387721692e-01
4.235537933769045749e-01
3.709696595095533511e-01
8.807920087211316140e-01
6.317301414944357374e-01
7.894942789632517499e-01
7.505184045567810935e-01
4.325138480043317357e-01
7.843569059222794682e-01
6.352428394979608983e-02
7.653893890817257128e-01
3.551409845313976410e-01
2.936468540348777245e-01
9.269853208509564180e-01
9.757438181993780546e-01
6.414817897160830507e-01
6.630563580052911687e-01
8.899097982280349539e-01
4.845873229862416864e-01
8.204846944319494906e-01
6.206396740368964604e-01
4.699226477708177696e-01
1.951804133166098187e-01
4.120778861498581858e-01
5.001784415611494339e-01
9.254345186083566821e-01
8.509750882952721307e-01
6.571006983184195516e-01
6.412516247080152221e-01
2.556816343651171497e-01
3.855727716886601653e-01
8.861265290877282652e-01
5.823601019306312576e-01
5.857821376776360944e-01
5.680188393709180161e-01
8.091235432449674914e-01
8.975674083765544653e-01
7.348206537626147394e-01
6.983937836790882203e-01
7.923987901743254625e-01
9.544368012007073965e-01
9.203614933124782960e-01
8.708673429082074424e-01
9.422686259158229438e-01
1.661486136551038328e-01
6.628221865375883981e-01
9.351403891294953752e-01
5.506176524823509499e-01
7.724005543068412916e-01
5.712232898183270402e-01
1.592537950904047983e-01
4.981651543557429340e-01
5.673250109807760344e-01
9.038386787015587620e-01
5.972625835097236102e-01
8.822890293761481706e-01
3.280193797222584196e-01
7.336216934409501844e-01
5.968350727527693689e-01
6.950482717825411383e-01
6.476438808315387874e-01
8.473790041945971074e-01
5.558482611415233032e-01
8.752744667869691853e-01
8.377324852305993996e-01
8.618050516826831764e-01
8.661908113290631706e-01
4.209064605642241497e-01
8.990440131786010536e-01
9.680449279702227905e-01
6.066111719914263345e-01
6.630988474182397674e-01
2.604931080998786341e-01
1.661342794312534732e-01
2.999462140542032973e-01
7.696223203245746713e-01
8.103174454968583573e-01
8.549940406719193087e-01
9.392297692484103955e-01
6.933106913506470459e-01
7.541401266101172007e-01
2.886179639797499807e-01
9.533904615139051630e-01
1.840211403954485903e-01
5.702263914112467580e-01
5.767558392086610253e-01
8.331216475882737837e-01
5.044089361436561170e-01
8.173357966224342741e-01
5.761866029789087795e-01
2.370388705490966696e-01
6.442489758019749324e-01
5.964970593113204655e-01
4.566616599469870974e-01
8.287789674786228966e-01
7.300596059429422802e-01
8.666969907053091449e-01
4.121608408285233338e-01
4.668297993945710878e-01
9.180790165313446050e-01
8.634044602365692489e-01
5.259848538345620605e-01
3.931825232059841801e-01
8.101084279007656486e-01
7.680041850163180639e-01
6.609803830511822298e-01
5.301187591404051824e-01
8.735311564852175081e-01
8.526557803408613134e-01
6.572765721085646051e-01
3.703925618586198509e-01
7.943653990880900073e-01
6.551477362189396247e-01
2.011600832858843335e-01
7.729483112802660871e-01
7.221541602012893080e-01
6.469407694491897676e-01
8.817735787175201567e-01
5.679572714014752277e-01
9.672452093333160361e-01
4.073818945753089893e-01
8.098963534230185779e-01
5.981272104496339059e-01
8.532731805991604634e-01
6.503615638251376563e-01
4.754092833765337645e-01
4.667360845035856687e-01
6.499601192773041269e-01
5.317617298399651693e-01
2.691453515898315496e-01
6.550789664939137280e-01
7.690386973211789101e-01
9.079783883012919332e-02
6.419183093113011163e-01
2.948938583737599761e-01
9.854827461656383569e-01
8.909821978203841253e-01
1.557439238615721810e-01
9.310194382416100423e-01
8.722394302841917080e-01
5.556215989237581754e-01
7.181381087997134038e-01
9.041509968428886879e-01
4.970726059425735199e-01
8.568740881956191657e-01
6.544466005095853633e-01
7.029093188134427628e-01
6.827556814472440783e-01
5.267283414728479718e-01
9.579026042503987481e-01
7.013834587309553115e-01
8.293529012017106794e-01
8.641119053521912896e-01
6.018077148230490669e-01
8.331983582987193548e-01
4.618406948712551197e-01
7.765652723429560256e-01
9.320072191923083338e-01
8.591676895530709901e-01
9.928389828326226185e-01
8.339067078784688780e-01
9.144846943566661279e-01
6.058472873228316624e-01
2.192401199335013984e-01
6.653244046566821890e-01
4.730048979808463838e-01
7.375847340974319710e-01
1.356915671034226445e-01
8.329645462809339707e-01
8.113036693597325266e-01
5.990970271225263266e-01
5.063692157400371263e-01
7.490860404275515583e-01
6.974829659065001630e-01
4.266174742941796771e-01
3.548655559906470081e-01
6.616581324647577977e-01
9.816904952863245715e-01
5.560252051070310175e-01
9.256386052184902846e-01
9.832738708159725061e-01
4.959237945750154530e-01
8.722284509997211277e-01
9.832039804672191297e-01
5.489767701189017801e-01
1.444777984092227296e-01
6.222213145902389941e-01
1.387818957798359898e-01
9.542252804707298530e-01
8.591248441187363527e-01
8.960435513515743189e-01
4.003708073034337178e-01
8.488172633925646915e-01
6.680993402071502274e-01
7.695070268954027348e-01
9.290923850313519416e-01
3.149178367678562296e-01
7.356453672783453968e-01
7.984261759318135310e-01
8.907173758366574434e-01
8.307207930779660909e-01
5.767528330285143223e-01
3.862005383358239063e-01
3.548031176669155240e-01
7.816060502637004470e-01
4.599306662667153045e-01
7.721217223286225284e-01
8.617292698654049898e-01
5.060602167515658723e-01
7.250110026151425080e-01
5.843230389008591263e-01
8.242120718458125772e-01
9.297879498691176137e-01
8.817922026572762029e-01
4.877469263525844312e-01
3.672690894938216433e-01
7.184712886625738149e-01
6.838944552654552256e-01
1.961166355025392993e-01
5.029711340024330957e-01
5.837585306728052537e-01
9.869513063379947715e-01
8.480542896465359526e-01
7.840931003002677979e-01
9.390608259672994507e-02
7.533519257980221262e-01
7.633353166814376145e-01
7.212067616837275486e-01
7.606737465107112905e-01
2.634992531433851815e-01
8.807780328371948020e-01
3.583955116874105729e-01
6.441649508531562818e-01
6.801302298412787994e-01
8.075267181509521164e-01
8.780015907001067488e-01
9.350885486014827164e-01
5.301791473614960726e-01
3.728837774115510983e-01
4.079893369781694701e-01
5.308233758029270444e-01
7.644373518415915614e-01
9.537918244018493974e-01
6.278069314253410527e-01
7.765862335948042761e-01
7.495044954389971092e-01
9.757881815905067313e-01
4.149121614327304641e-01
7.053270804893199131e-01
9.186342375781783032e-01
1.746692631270479745e-01
5.852134101750073869e-01
7.715774447360386201e-01
5.817407186514206296e-01
7.414430419618799339e-01
1.033017270326143239e-01
6.626381911868243213e-01
9.718007174115848024e-01
6.239045164684704492e-01
6.779913141755976591e-01
6.778694309296138254e-01
7.809473443899236367e-01
9.327058989859184912e-01
3.140704602034734005e-01
7.913358583920938605e-01
9.835343863073560400e-02
8.592038617737194350e-01
3.532630550684713877e-01
5.553889570653403052e-01
3.608539812329662477e-01
7.165623177570514812e-01
9.854550937245494246e-01
7.472763206832886418e-01
7.169872451574716976e-01
2.102121172286396389e-01
3.368124740705559783e-01
8.650439266362202062e-01
8.707369852964920165e-01
3.655773478598089432e-01
3.622680187063917479e-01
7.238989201955083885e-01
8.341778610039332076e-01
5.240407716341309863e-01
9.708774595144179509e-01
5.971815288550466061e-01
9.958714148402861843e-01
7.913117698738618699e-01
7.266145506828186607e-01
9.944783902095513106e-01
6.960162724735018402e-01
9.727470381339377026e-01
4.949083817952549813e-01
7.251043708174647051e-01
5.808709737492157021e-01
9.553508065074115541e-01
4.989387261841331522e-01
7.673490394219248945e-01
8.718958501986842080e-01
8.305031288748584428e-01
6.842152272981331107e-01
9.335527581838739541e-01
8.052440228871732275e-01
9.375549240651087635e-01
8.895636963795763297e-01
7.010102941857744296e-01
5.277472161101156578e-01
8.036572046328492869e-01
4.686513640781430068e-01
9.540479418024451208e-01
9.610127148986827850e-01
8.321919623675388955e-01
8.114294328883560059e-01
8.231031306145384363e-01
6.153404572384819637e-01
7.091339384696945247e-01
5.202011326620823439e-01
9.431131100003153911e-01
4.594098141713149897e-01
6.268014206434024960e-02
9.116731946728093838e-01
9.993699449665758294e-01
7.870331512244727046e-01
9.657593514548538094e-01
3.165639795672884338e-01
9.296872425856425037e-01
9.459351364671704232e-01
4.541943416770456432e-01
4.190352120853638174e-01
2.770144022485900304e-01
3.262045679044522917e-01
8.477618295542290738e-01
5.478395719285468202e-01
9.990718995077522147e-01
9.966210569704037070e-01
9.427820565074518377e-01
8.639264913808614166e-01
9.894803474350670758e-01
8.872333658304342174e-01
5.670661297914629806e-01
8.372531056678274020e-01
6.236484832457162009e-01
9.469189068797446707e-01
2.457755515600057450e-01
8.076654260425425447e-01
5.414802938374213559e-01
6.885465292342188848e-01
4.055576600557231348e-01
6.124366457077931036e-01
8.539168545971218549e-01
9.033305707287262454e-01
8.883392759687337437e-01
6.944612375246826952e-01
1.250393178684508499e-01
8.635455085982592927e-01
5.024153982805087404e-01
2.756149134340633022e-01
5.739628840017143574e-01
8.553868838468153823e-01
5.946950856138197850e-01
8.823930454654287381e-01
4.582643614545768296e-01
7.604875582285978153e-01
6.392937532934614975e-01
9.562919623734458252e-01
7.159769646243732133e-01
6.296321844019584502e-01
8.052895240890779460e-01
2.858400982268446966e-01
5.816002659714254730e-02
6.134982447957357810e-01
7.306918020673933700e-01
8.743523706873288504e-01
6.884220002728094201e-01
4.457998558365851571e-01
3.231782490540439090e-01
1.739931822114748616e-01
8.251819503650533738e-01
6.777905674270724434e-01
9.781439034803633970e-01
8.003265901380510750e-01
9.522262828170297011e-01
6.801164186079589058e-01
5.130135437612816096e-01
4.467721211301478035e-01
8.593206170307826630e-01
4.819996036580971588e-02
6.425280359901225369e-01
8.928078568759515443e-01
6.563782855625158730e-01
9.793610203104267109e-01
7.712252520359303976e-01
6.015255328646983424e-01
4.240581739883267920e-01
6.641414953141548949e-01
8.192956533421787979e-01
