0 0.0
1 0.0
2 0.0
3 0.0
4 0.0
5 0.0
6 0.0
7 1.0
8 1.0
9 7.0
10 19.0
11 20.0
12 51.0
13 99.0
14 200.0
15 367.0
16 688.0
17 964.0
18 1397.0
19 2121.0
20 2829.0
21 3595.0
22 4427.0
23 5444.0
24 6122.0
25 6765.0
26 7184.0
27 7395.0
28 7314.0
29 7157.0
30 6444.0
31 5807.0
32 5059.0
33 4362.0
34 3625.0
35 2813.0
36 2242.0
37 1640.0
38 1236.0
39 824.0
40 622.0
41 423.0
42 254.0
43 186.0
44 112.0
45 67.0
46 60.0
47 28.0
48 19.0
49 5.0
50 2.0
51 1.0
52 2.0
53 0.0
54 0.0
55 0.0
56 0.0
57 0.0
58 0.0
59 0.0
60 0.0
61 0.0
62 0.0
63 0.0
64 0.0
65 0.0
66 0.0
67 0.0
68 0.0
69 0.0
70 0.0
71 0.0
72 0.0
73 0.0
74 0.0
75 0.0
76 0.0
77 0.0
78 0.0
79 0.0
80 0.0
81 0.0
82 0.0
83 0.0
84 0.0
85 0.0
86 0.0
87 0.0
88 0.0
89 0.0
90 0.0
91 0.0
92 0.0
93 0.0
94 0.0
95 0.0
96 0.0
97 0.0
98 0.0
99 0.0
100 0.0
101 0.0
102 0.0
103 0.0
104 0.0
105 0.0
106 0.0
107 0.0
108 0.0
109 0.0
110 0.0
111 0.0
112 0.0
113 0.0
114 0.0
115 0.0
116 0.0
117 0.0
118 0.0
